4.749999999999999778e-01
9.749999999999999778e-01
1.225000000000000089e+00
1.600000000000000089e+00
1.774999999999999911e+00
1.975000000000000089e+00
2.100000000000000089e+00
2.149999999999999911e+00
2.174999999999999822e+00
2.174999999999999822e+00
2.200000000000000178e+00
2.225000000000000089e+00
2.225000000000000089e+00
2.225000000000000089e+00
2.225000000000000089e+00
2.225000000000000089e+00
2.225000000000000089e+00
2.225000000000000089e+00
2.225000000000000089e+00
2.225000000000000089e+00
2.225000000000000089e+00
2.225000000000000089e+00
2.225000000000000089e+00
2.225000000000000089e+00
2.225000000000000089e+00
2.225000000000000089e+00
2.225000000000000089e+00
2.225000000000000089e+00
2.225000000000000089e+00
2.225000000000000089e+00
2.225000000000000089e+00
2.225000000000000089e+00
2.225000000000000089e+00
2.225000000000000089e+00
2.225000000000000089e+00
2.225000000000000089e+00
2.225000000000000089e+00
2.225000000000000089e+00
2.225000000000000089e+00
2.225000000000000089e+00
2.225000000000000089e+00
2.225000000000000089e+00
2.225000000000000089e+00
2.225000000000000089e+00
2.225000000000000089e+00
2.225000000000000089e+00
2.225000000000000089e+00
2.225000000000000089e+00
2.225000000000000089e+00
2.225000000000000089e+00
2.225000000000000089e+00
2.225000000000000089e+00
2.225000000000000089e+00
2.225000000000000089e+00
2.225000000000000089e+00
2.225000000000000089e+00
2.225000000000000089e+00
2.225000000000000089e+00
2.225000000000000089e+00
2.225000000000000089e+00
2.225000000000000089e+00
2.225000000000000089e+00
2.225000000000000089e+00
2.225000000000000089e+00
2.225000000000000089e+00
2.225000000000000089e+00
2.225000000000000089e+00
2.225000000000000089e+00
2.225000000000000089e+00
2.225000000000000089e+00
2.225000000000000089e+00
2.225000000000000089e+00
2.225000000000000089e+00
2.225000000000000089e+00
2.225000000000000089e+00
2.225000000000000089e+00
2.225000000000000089e+00
2.225000000000000089e+00
2.225000000000000089e+00
2.225000000000000089e+00
2.225000000000000089e+00
2.225000000000000089e+00
2.225000000000000089e+00
2.225000000000000089e+00
2.225000000000000089e+00
2.225000000000000089e+00
2.225000000000000089e+00
2.225000000000000089e+00
2.225000000000000089e+00
2.225000000000000089e+00
2.225000000000000089e+00
2.225000000000000089e+00
2.225000000000000089e+00
2.225000000000000089e+00
2.225000000000000089e+00
2.225000000000000089e+00
2.225000000000000089e+00
2.225000000000000089e+00
2.225000000000000089e+00
2.225000000000000089e+00
