4.974937185533100381e-01
9.051933495115835893e-01
1.203899912783450654e+00
1.412223424249860138e+00
1.604485898972003888e+00
1.857249310135825837e+00
2.170109444244690433e+00
2.403643068344383238e+00
2.535251466817443511e+00
2.711088342345191915e+00
2.810582679801468142e+00
2.888663185627566854e+00
2.961313053359944103e+00
3.065941943351178534e+00
3.091823895373085218e+00
3.166129340377616064e+00
3.210918871600465074e+00
3.290516676754579706e+00
3.376296047446076809e+00
3.507046478163641456e+00
3.591308953571106688e+00
3.646145224754494762e+00
3.809199390948182717e+00
3.838945167620918308e+00
3.967918219923389778e+00
3.967918219923389778e+00
3.967366884975473962e+00
4.116734142496938809e+00
4.174251429897340770e+00
4.201190307520000999e+00
4.233718814470323721e+00
4.392038251199549492e+00
4.405607222619829066e+00
4.401988187171792077e+00
4.513798289689071375e+00
4.515251930955790804e+00
4.609704437379907205e+00
4.596466033813367602e+00
4.596466033813367602e+00
4.596466033813367602e+00
4.662014049742879251e+00
4.662617290749906829e+00
4.662617290749906829e+00
4.662617290749906829e+00
4.662617290749906829e+00
4.662617290749906829e+00
4.662617290749906829e+00
4.711422290561524839e+00
4.806180916278537829e+00
4.806180916278537829e+00
4.806180916278537829e+00
4.806180916278537829e+00
4.873397172404481559e+00
4.873397172404481559e+00
4.873397172404481559e+00
4.944630926570757978e+00
5.034319715711349730e+00
5.107837115648853121e+00
5.107837115648853121e+00
5.155337040388339176e+00
5.155337040388339176e+00
5.155337040388339176e+00
5.155337040388339176e+00
5.155337040388339176e+00
5.231574810704707978e+00
5.231574810704707978e+00
5.325410782277739230e+00
5.325410782277739230e+00
5.325410782277739230e+00
5.325410782277739230e+00
5.403644603413514602e+00
5.403644603413514602e+00
5.403644603413514602e+00
5.403644603413514602e+00
5.403644603413514602e+00
5.403644603413514602e+00
5.403644603413514602e+00
5.403644603413514602e+00
5.402545696243577389e+00
5.402545696243577389e+00
5.497669960992565663e+00
5.595533933415112848e+00
5.595533933415112848e+00
5.695996400982009433e+00
5.695996400982009433e+00
5.695996400982009433e+00
5.695996400982009433e+00
5.694514904713130932e+00
5.701699308101050967e+00
5.778408085277466633e+00
5.879572688554840276e+00
5.915868490762790088e+00
5.915868490762790088e+00
5.915868490762790088e+00
5.915868490762790088e+00
6.018668872765803535e+00
6.018668872765803535e+00
6.018668872765803535e+00
6.123724356957945147e+00
6.123724356957945147e+00
