6.077622890571610093e-01
8.996527107723290007e-01
1.106514798816536027e+00
1.019803902718556810e+00
1.004676564870505828e+00
1.071214264281427520e+00
1.044030650891055068e+00
1.150814928648390190e+00
1.061838029079765100e+00
1.071214264281427520e+00
1.024390062427393833e+00
1.036520622081393839e+00
1.053565375285273831e+00
1.094303431411964622e+00
1.067707825203131344e+00
9.151502608861563637e-01
9.614442261514704047e-01
8.996527107723290007e-01
9.273618495495705716e-01
8.799857953399021770e-01
8.940777371123830308e-01
9.096702699330125874e-01
8.351646544245030501e-01
7.741931283601011238e-01
6.910137480542627442e-01
6.475916923494308142e-01
6.319612329882270396e-01
6.319612329882270396e-01
5.695392874947259321e-01
5.695392874947259321e-01
4.213074886588178969e-01
3.992179855667827848e-01
3.992179855667827848e-01
3.992179855667827848e-01
3.992179855667827848e-01
3.992179855667827848e-01
3.000000000000000444e-01
3.000000000000000444e-01
2.633913438213184577e-01
2.633913438213184577e-01
2.179449471770336100e-01
2.179449471770336100e-01
1.561249499599599577e-01
1.561249499599599577e-01
1.561249499599599577e-01
0.000000000000000000e+00
0.000000000000000000e+00
0.000000000000000000e+00
0.000000000000000000e+00
0.000000000000000000e+00
0.000000000000000000e+00
0.000000000000000000e+00
0.000000000000000000e+00
0.000000000000000000e+00
0.000000000000000000e+00
0.000000000000000000e+00
0.000000000000000000e+00
0.000000000000000000e+00
0.000000000000000000e+00
0.000000000000000000e+00
0.000000000000000000e+00
0.000000000000000000e+00
0.000000000000000000e+00
0.000000000000000000e+00
0.000000000000000000e+00
0.000000000000000000e+00
0.000000000000000000e+00
0.000000000000000000e+00
0.000000000000000000e+00
0.000000000000000000e+00
0.000000000000000000e+00
0.000000000000000000e+00
0.000000000000000000e+00
0.000000000000000000e+00
0.000000000000000000e+00
0.000000000000000000e+00
0.000000000000000000e+00
0.000000000000000000e+00
0.000000000000000000e+00
0.000000000000000000e+00
0.000000000000000000e+00
0.000000000000000000e+00
0.000000000000000000e+00
0.000000000000000000e+00
0.000000000000000000e+00
0.000000000000000000e+00
0.000000000000000000e+00
0.000000000000000000e+00
0.000000000000000000e+00
0.000000000000000000e+00
0.000000000000000000e+00
0.000000000000000000e+00
0.000000000000000000e+00
0.000000000000000000e+00
0.000000000000000000e+00
0.000000000000000000e+00
0.000000000000000000e+00
0.000000000000000000e+00
0.000000000000000000e+00
0.000000000000000000e+00
