4.500000000000000111e-01
9.250000000000000444e-01
1.524999999999999911e+00
1.824999999999999956e+00
2.024999999999999911e+00
2.475000000000000089e+00
2.875000000000000000e+00
3.149999999999999911e+00
3.350000000000000089e+00
3.500000000000000000e+00
3.725000000000000089e+00
3.825000000000000178e+00
3.924999999999999822e+00
4.000000000000000000e+00
4.125000000000000000e+00
4.224999999999999645e+00
4.299999999999999822e+00
4.349999999999999645e+00
4.474999999999999645e+00
4.525000000000000355e+00
4.549999999999999822e+00
4.575000000000000178e+00
4.700000000000000178e+00
4.750000000000000000e+00
4.825000000000000178e+00
4.825000000000000178e+00
4.900000000000000355e+00
4.950000000000000178e+00
4.974999999999999645e+00
5.000000000000000000e+00
5.025000000000000355e+00
5.099999999999999645e+00
5.125000000000000000e+00
5.150000000000000355e+00
5.224999999999999645e+00
5.250000000000000000e+00
5.275000000000000355e+00
5.349999999999999645e+00
5.349999999999999645e+00
5.349999999999999645e+00
5.375000000000000000e+00
5.400000000000000355e+00
5.400000000000000355e+00
5.400000000000000355e+00
5.400000000000000355e+00
5.400000000000000355e+00
5.400000000000000355e+00
5.450000000000000178e+00
5.474999999999999645e+00
5.474999999999999645e+00
5.474999999999999645e+00
5.474999999999999645e+00
5.500000000000000000e+00
5.500000000000000000e+00
5.500000000000000000e+00
5.525000000000000355e+00
5.575000000000000178e+00
5.599999999999999645e+00
5.599999999999999645e+00
5.650000000000000355e+00
5.650000000000000355e+00
5.650000000000000355e+00
5.650000000000000355e+00
5.650000000000000355e+00
5.674999999999999822e+00
5.674999999999999822e+00
5.700000000000000178e+00
5.700000000000000178e+00
5.700000000000000178e+00
5.700000000000000178e+00
5.724999999999999645e+00
5.724999999999999645e+00
5.724999999999999645e+00
5.724999999999999645e+00
5.724999999999999645e+00
5.724999999999999645e+00
5.724999999999999645e+00
5.724999999999999645e+00
5.750000000000000000e+00
5.750000000000000000e+00
5.775000000000000355e+00
5.799999999999999822e+00
5.799999999999999822e+00
5.825000000000000178e+00
5.825000000000000178e+00
5.825000000000000178e+00
5.825000000000000178e+00
5.849999999999999645e+00
5.875000000000000000e+00
5.900000000000000355e+00
5.924999999999999822e+00
5.950000000000000178e+00
5.950000000000000178e+00
5.950000000000000178e+00
5.950000000000000178e+00
5.974999999999999645e+00
5.974999999999999645e+00
5.974999999999999645e+00
6.000000000000000000e+00
6.000000000000000000e+00
