4.749999999999999778e-01
8.750000000000000000e-01
1.425000000000000044e+00
1.675000000000000044e+00
1.925000000000000044e+00
2.299999999999999822e+00
2.500000000000000000e+00
2.799999999999999822e+00
2.924999999999999822e+00
3.049999999999999822e+00
3.274999999999999911e+00
3.424999999999999822e+00
3.475000000000000089e+00
3.575000000000000178e+00
3.649999999999999911e+00
3.750000000000000000e+00
3.774999999999999911e+00
3.774999999999999911e+00
3.799999999999999822e+00
3.799999999999999822e+00
3.799999999999999822e+00
3.850000000000000089e+00
3.875000000000000000e+00
3.899999999999999911e+00
3.899999999999999911e+00
3.899999999999999911e+00
3.899999999999999911e+00
3.924999999999999822e+00
3.950000000000000178e+00
3.950000000000000178e+00
3.950000000000000178e+00
3.950000000000000178e+00
3.950000000000000178e+00
3.950000000000000178e+00
3.950000000000000178e+00
3.950000000000000178e+00
3.950000000000000178e+00
3.950000000000000178e+00
3.950000000000000178e+00
3.950000000000000178e+00
3.950000000000000178e+00
3.950000000000000178e+00
3.950000000000000178e+00
3.950000000000000178e+00
3.950000000000000178e+00
3.950000000000000178e+00
3.950000000000000178e+00
3.950000000000000178e+00
3.950000000000000178e+00
3.950000000000000178e+00
3.950000000000000178e+00
3.950000000000000178e+00
3.950000000000000178e+00
3.950000000000000178e+00
3.950000000000000178e+00
3.950000000000000178e+00
3.950000000000000178e+00
3.950000000000000178e+00
3.950000000000000178e+00
3.950000000000000178e+00
3.950000000000000178e+00
3.950000000000000178e+00
3.950000000000000178e+00
3.950000000000000178e+00
3.950000000000000178e+00
3.950000000000000178e+00
3.950000000000000178e+00
3.950000000000000178e+00
3.950000000000000178e+00
3.950000000000000178e+00
3.950000000000000178e+00
3.950000000000000178e+00
3.950000000000000178e+00
3.950000000000000178e+00
3.950000000000000178e+00
3.950000000000000178e+00
3.950000000000000178e+00
3.950000000000000178e+00
3.950000000000000178e+00
3.950000000000000178e+00
3.950000000000000178e+00
3.950000000000000178e+00
3.950000000000000178e+00
3.950000000000000178e+00
3.950000000000000178e+00
3.950000000000000178e+00
3.950000000000000178e+00
3.950000000000000178e+00
3.950000000000000178e+00
3.950000000000000178e+00
3.950000000000000178e+00
3.950000000000000178e+00
3.950000000000000178e+00
3.950000000000000178e+00
3.950000000000000178e+00
3.950000000000000178e+00
3.950000000000000178e+00
3.950000000000000178e+00
3.950000000000000178e+00
3.950000000000000178e+00
