5.471517157059823111e-01
8.511022265274599263e-01
9.350802104632521816e-01
1.240967364599085521e+00
1.369078157009306684e+00
1.491433873827465284e+00
1.609347693943108171e+00
1.696319545368737192e+00
1.730426248067221007e+00
1.730426248067221007e+00
1.734935157289747121e+00
1.753389574509897741e+00
1.753389574509897741e+00
1.753389574509897741e+00
1.753389574509897741e+00
1.753389574509897741e+00
1.753389574509897741e+00
1.753389574509897741e+00
1.753389574509897741e+00
1.753389574509897741e+00
1.753389574509897741e+00
1.753389574509897741e+00
1.753389574509897741e+00
1.753389574509897741e+00
1.753389574509897741e+00
1.753389574509897741e+00
1.753389574509897741e+00
1.753389574509897741e+00
1.753389574509897741e+00
1.753389574509897741e+00
1.753389574509897741e+00
1.753389574509897741e+00
1.753389574509897741e+00
1.753389574509897741e+00
1.753389574509897741e+00
1.753389574509897741e+00
1.753389574509897741e+00
1.753389574509897741e+00
1.753389574509897741e+00
1.753389574509897741e+00
1.753389574509897741e+00
1.753389574509897741e+00
1.753389574509897741e+00
1.753389574509897741e+00
1.753389574509897741e+00
1.753389574509897741e+00
1.753389574509897741e+00
1.753389574509897741e+00
1.753389574509897741e+00
1.753389574509897741e+00
1.753389574509897741e+00
1.753389574509897741e+00
1.753389574509897741e+00
1.753389574509897741e+00
1.753389574509897741e+00
1.753389574509897741e+00
1.753389574509897741e+00
1.753389574509897741e+00
1.753389574509897741e+00
1.753389574509897741e+00
1.753389574509897741e+00
1.753389574509897741e+00
1.753389574509897741e+00
1.753389574509897741e+00
1.753389574509897741e+00
1.753389574509897741e+00
1.753389574509897741e+00
1.753389574509897741e+00
1.753389574509897741e+00
1.753389574509897741e+00
1.753389574509897741e+00
1.753389574509897741e+00
1.753389574509897741e+00
1.753389574509897741e+00
1.753389574509897741e+00
1.753389574509897741e+00
1.753389574509897741e+00
1.753389574509897741e+00
1.753389574509897741e+00
1.753389574509897741e+00
1.753389574509897741e+00
1.753389574509897741e+00
1.753389574509897741e+00
1.753389574509897741e+00
1.753389574509897741e+00
1.753389574509897741e+00
1.753389574509897741e+00
1.753389574509897741e+00
1.753389574509897741e+00
1.753389574509897741e+00
1.753389574509897741e+00
1.753389574509897741e+00
1.753389574509897741e+00
1.753389574509897741e+00
1.753389574509897741e+00
1.753389574509897741e+00
1.753389574509897741e+00
1.753389574509897741e+00
1.753389574509897741e+00
1.753389574509897741e+00
