5.425633603552675321e-01
9.324028099485759391e-01
1.297834735241740978e+00
1.708617862484177685e+00
2.009353129741011657e+00
2.318943725061045846e+00
2.633320147646313281e+00
2.934280150224242156e+00
3.259505330567814774e+00
3.549559831866480497e+00
3.811085803284937956e+00
4.038564101261734152e+00
4.400000000000000355e+00
4.674331503006606603e+00
5.087976021956078121e+00
5.344155686354954859e+00
5.700822309105941343e+00
6.029925372672535033e+00
6.271712286130479264e+00
6.651644533496961387e+00
6.901267999433146727e+00
7.211059214844930843e+00
7.551448536539198564e+00
7.787449839324809275e+00
8.097800627330855150e+00
8.415907556526510902e+00
8.764095789070314169e+00
9.156930435467991458e+00
9.491805676476946729e+00
9.888250603620440060e+00
1.025033536036748316e+01
1.056808284411131993e+01
1.097895714537587608e+01
1.129908735252542407e+01
1.163303485768008727e+01
1.197820938204037411e+01
1.225520297669524439e+01
1.251588990044255567e+01
1.286652633774943766e+01
1.322488185202423772e+01
1.358949502373064355e+01
1.398561761239023760e+01
1.437845610627233128e+01
1.474226492096787666e+01
1.497297565616133852e+01
1.536536283333393982e+01
1.569960190578092174e+01
1.601710023693427587e+01
1.631944775413678173e+01
1.666725832283162489e+01
1.704846034103959695e+01
1.732765131228118705e+01
1.771226622993229682e+01
1.805540085403810835e+01
1.839210088597819848e+01
1.871089254952847369e+01
1.914621372491177809e+01
1.947459884054098112e+01
1.978155706712694695e+01
2.007087442041327208e+01
2.044283187329974538e+01
2.074481863020258032e+01
2.105106885647377624e+01
2.129853281331838488e+01
2.156385865284782355e+01
2.185061497990388446e+01
2.214970372262347098e+01
2.231456923178217977e+01
2.261745730624907935e+01
2.291238747926544050e+01
2.324779559442142229e+01
2.356247015913229248e+01
2.386336103737275494e+01
2.414921064962579678e+01
2.424498659517055899e+01
2.449743609033402691e+01
2.477897294078186974e+01
2.505174644610630708e+01
2.539230936720801424e+01
2.568968664659029955e+01
2.600019230698111983e+01
2.627802075880144983e+01
2.656641441745573218e+01
2.687925547704028162e+01
2.711710714659659160e+01
2.735131395381216279e+01
2.764683526192464669e+01
2.792059052025941668e+01
2.818527984604729753e+01
2.846400138771778288e+01
2.875778155560682237e+01
2.895486789816178685e+01
2.925316222222821949e+01
2.965295094927316555e+01
2.998365179560355287e+01
3.024482393732851193e+01
3.056663826788938465e+01
3.085975332046580277e+01
3.107394406894625050e+01
3.138629278841323256e+01
