5.910795208768446773e-01
8.422440263961508133e-01
1.159471862530522923e+00
1.311249404194335666e+00
1.455807336154067100e+00
1.584297951775486268e+00
1.760681686165900928e+00
1.791647286716891996e+00
1.889278962990907473e+00
1.935846068260593800e+00
2.085515523797413451e+00
2.189606128964750820e+00
2.235928218883602270e+00
2.438108898306226013e+00
2.505493963273509817e+00
2.652828678976461685e+00
2.733930320984790718e+00
2.733930320984790718e+00
2.740437921208943806e+00
2.740437921208943806e+00
2.740437921208943806e+00
2.842094298224462801e+00
2.934173648576375637e+00
3.031501278244824071e+00
3.031501278244824071e+00
3.031501278244824071e+00
3.031501278244824071e+00
3.133588198854469820e+00
3.239984567864482745e+00
3.239984567864482745e+00
3.239984567864482745e+00
3.239984567864482745e+00
3.239984567864482745e+00
3.239984567864482745e+00
3.239984567864482745e+00
3.239984567864482745e+00
3.239984567864482745e+00
3.239984567864482745e+00
3.239984567864482745e+00
3.239984567864482745e+00
3.239984567864482745e+00
3.239984567864482745e+00
3.239984567864482745e+00
3.239984567864482745e+00
3.239984567864482745e+00
3.239984567864482745e+00
3.239984567864482745e+00
3.239984567864482745e+00
3.239984567864482745e+00
3.239984567864482745e+00
3.239984567864482745e+00
3.239984567864482745e+00
3.239984567864482745e+00
3.239984567864482745e+00
3.239984567864482745e+00
3.239984567864482745e+00
3.239984567864482745e+00
3.239984567864482745e+00
3.239984567864482745e+00
3.239984567864482745e+00
3.239984567864482745e+00
3.239984567864482745e+00
3.239984567864482745e+00
3.239984567864482745e+00
3.239984567864482745e+00
3.239984567864482745e+00
3.239984567864482745e+00
3.239984567864482745e+00
3.239984567864482745e+00
3.239984567864482745e+00
3.239984567864482745e+00
3.239984567864482745e+00
3.239984567864482745e+00
3.239984567864482745e+00
3.239984567864482745e+00
3.239984567864482745e+00
3.239984567864482745e+00
3.239984567864482745e+00
3.239984567864482745e+00
3.239984567864482745e+00
3.239984567864482745e+00
3.239984567864482745e+00
3.239984567864482745e+00
3.239984567864482745e+00
3.239984567864482745e+00
3.239984567864482745e+00
3.239984567864482745e+00
3.239984567864482745e+00
3.239984567864482745e+00
3.239984567864482745e+00
3.239984567864482745e+00
3.239984567864482745e+00
3.239984567864482745e+00
3.239984567864482745e+00
3.239984567864482745e+00
3.239984567864482745e+00
3.239984567864482745e+00
3.239984567864482745e+00
3.239984567864482745e+00
3.239984567864482745e+00
