9.250000000000000444e-01
1.875000000000000000e+00
2.774999999999999911e+00
3.399999999999999911e+00
3.875000000000000000e+00
4.450000000000000178e+00
4.900000000000000355e+00
5.224999999999999645e+00
5.349999999999999645e+00
5.549999999999999822e+00
5.724999999999999645e+00
5.974999999999999645e+00
6.200000000000000178e+00
6.450000000000000178e+00
6.599999999999999645e+00
6.750000000000000000e+00
6.974999999999999645e+00
7.125000000000000000e+00
7.200000000000000178e+00
7.224999999999999645e+00
7.275000000000000355e+00
7.349999999999999645e+00
7.450000000000000178e+00
7.525000000000000355e+00
7.650000000000000355e+00
7.674999999999999822e+00
7.724999999999999645e+00
7.724999999999999645e+00
7.775000000000000355e+00
7.775000000000000355e+00
7.849999999999999645e+00
7.875000000000000000e+00
7.875000000000000000e+00
7.875000000000000000e+00
7.875000000000000000e+00
7.875000000000000000e+00
7.900000000000000355e+00
7.900000000000000355e+00
7.924999999999999822e+00
7.924999999999999822e+00
7.950000000000000178e+00
7.950000000000000178e+00
7.974999999999999645e+00
7.974999999999999645e+00
7.974999999999999645e+00
8.000000000000000000e+00
8.000000000000000000e+00
8.000000000000000000e+00
8.000000000000000000e+00
8.000000000000000000e+00
8.000000000000000000e+00
8.000000000000000000e+00
8.000000000000000000e+00
8.000000000000000000e+00
8.000000000000000000e+00
8.000000000000000000e+00
8.000000000000000000e+00
8.000000000000000000e+00
8.000000000000000000e+00
8.000000000000000000e+00
8.000000000000000000e+00
8.000000000000000000e+00
8.000000000000000000e+00
8.000000000000000000e+00
8.000000000000000000e+00
8.000000000000000000e+00
8.000000000000000000e+00
8.000000000000000000e+00
8.000000000000000000e+00
8.000000000000000000e+00
8.000000000000000000e+00
8.000000000000000000e+00
8.000000000000000000e+00
8.000000000000000000e+00
8.000000000000000000e+00
8.000000000000000000e+00
8.000000000000000000e+00
8.000000000000000000e+00
8.000000000000000000e+00
8.000000000000000000e+00
8.000000000000000000e+00
8.000000000000000000e+00
8.000000000000000000e+00
8.000000000000000000e+00
8.000000000000000000e+00
8.000000000000000000e+00
8.000000000000000000e+00
8.000000000000000000e+00
8.000000000000000000e+00
8.000000000000000000e+00
8.000000000000000000e+00
8.000000000000000000e+00
8.000000000000000000e+00
8.000000000000000000e+00
8.000000000000000000e+00
8.000000000000000000e+00
8.000000000000000000e+00
8.000000000000000000e+00
8.000000000000000000e+00
8.000000000000000000e+00
