4.249999999999999889e-01
9.250000000000000444e-01
1.375000000000000000e+00
1.925000000000000044e+00
2.250000000000000000e+00
2.850000000000000089e+00
3.375000000000000000e+00
3.799999999999999822e+00
4.224999999999999645e+00
4.724999999999999645e+00
5.224999999999999645e+00
5.700000000000000178e+00
6.200000000000000178e+00
6.724999999999999645e+00
7.250000000000000000e+00
7.799999999999999822e+00
8.275000000000000355e+00
8.800000000000000711e+00
9.375000000000000000e+00
9.824999999999999289e+00
1.034999999999999964e+01
1.072499999999999964e+01
1.122499999999999964e+01
1.157499999999999929e+01
1.222499999999999964e+01
1.265000000000000036e+01
1.312500000000000000e+01
1.372499999999999964e+01
1.417500000000000071e+01
1.465000000000000036e+01
1.507499999999999929e+01
1.562500000000000000e+01
1.625000000000000000e+01
1.667500000000000071e+01
1.714999999999999858e+01
1.764999999999999858e+01
1.810000000000000142e+01
1.855000000000000071e+01
1.905000000000000071e+01
1.955000000000000071e+01
1.997500000000000142e+01
2.044999999999999929e+01
2.089999999999999858e+01
2.137500000000000000e+01
2.189999999999999858e+01
2.242500000000000071e+01
2.285000000000000142e+01
2.344999999999999929e+01
2.402499999999999858e+01
2.455000000000000071e+01
2.500000000000000000e+01
2.544999999999999929e+01
2.602499999999999858e+01
2.655000000000000071e+01
2.707499999999999929e+01
2.755000000000000071e+01
2.814999999999999858e+01
2.869999999999999929e+01
2.919999999999999929e+01
2.960000000000000142e+01
3.012500000000000000e+01
3.055000000000000071e+01
3.105000000000000071e+01
3.164999999999999858e+01
3.200000000000000000e+01
3.247500000000000142e+01
3.287500000000000000e+01
3.310000000000000142e+01
3.347500000000000142e+01
3.385000000000000142e+01
3.429999999999999716e+01
3.489999999999999858e+01
3.529999999999999716e+01
3.562500000000000000e+01
3.592499999999999716e+01
3.622500000000000142e+01
3.654999999999999716e+01
3.689999999999999858e+01
3.732500000000000284e+01
3.779999999999999716e+01
3.820000000000000284e+01
3.862500000000000000e+01
3.902499999999999858e+01
3.942499999999999716e+01
3.975000000000000000e+01
4.017499999999999716e+01
4.054999999999999716e+01
4.087500000000000000e+01
4.129999999999999716e+01
4.172500000000000142e+01
4.229999999999999716e+01
4.262500000000000000e+01
4.295000000000000284e+01
4.345000000000000284e+01
4.392499999999999716e+01
4.427499999999999858e+01
4.467499999999999716e+01
4.502499999999999858e+01
4.539999999999999858e+01
4.572500000000000142e+01
