0.000000000000000000e+00
4.821700000000007647e-01
5.846926500000007021e-01
5.880253250000008203e-01
5.921296250000003258e-01
5.953973750000002285e-01
5.977503250000006929e-01
6.001346250000002547e-01
6.025834750000000906e-01
6.046939000000011166e-01
6.068723250000005454e-01
6.092754250000005367e-01
6.116533750000007208e-01
6.142940250000007429e-01
6.163920000000004951e-01
6.186662250000007912e-01
6.210688000000008646e-01
6.232870000000007016e-01
6.256746250000003728e-01
6.281513250000001491e-01
6.303333500000005696e-01
6.326766750000005768e-01
6.349360250000005701e-01
6.372237250000001296e-01
6.396876500000006072e-01
6.421132500000004129e-01
6.472735750000004895e-01
6.619218250000005188e-01
6.752909750000004596e-01
6.937368000000001533e-01
7.035798250000008247e-01
7.163984250000008380e-01
7.885501750000007970e-01
7.940316750000006030e-01
7.994726250000003809e-01
8.054172000000004994e-01
8.115669250000004942e-01
8.168949750000005228e-01
8.227605250000002979e-01
8.288409250000002837e-01
8.349876000000007181e-01
8.406936000000003739e-01
8.468094750000003668e-01
8.526190000000010150e-01
8.584527000000010677e-01
8.646743500000008131e-01
8.705565750000003877e-01
8.765614000000008232e-01
8.826396250000003718e-01
8.886387750000006580e-01
8.944978750000005530e-01
9.005737250000006577e-01
9.068108750000003493e-01
9.125052500000008227e-01
9.187445250000004782e-01
9.245295750000002144e-01
9.304012750000005827e-01
9.361850500000002961e-01
9.422896750000004928e-01
9.478271000000002555e-01
9.538874750000008174e-01
9.598376000000005126e-01
9.659264250000010321e-01
9.715821500000005884e-01
9.776382500000011522e-01
9.836955500000005292e-01
9.899236750000005580e-01
9.960604750000007224e-01
1.001968250000000227e+00
1.007477275000000283e+00
1.013265400000000538e+00
1.019271825000000797e+00
1.025472875000000617e+00
1.030904700000000673e+00
1.036776950000000586e+00
1.043049975000000851e+00
1.049181700000000550e+00
1.054933125000000471e+00
1.060891474999999806e+00
1.066276850000000609e+00
1.072352750000000077e+00
1.077733650000000765e+00
1.083054975000000697e+00
1.088942950000000298e+00
1.094797700000000873e+00
1.100603575000000056e+00
1.106571575000000029e+00
1.112311300000000447e+00
1.118202300000000537e+00
1.124047075000000451e+00
1.129785625000000460e+00
1.135573250000000645e+00
1.141267800000000943e+00
1.147238525000000564e+00
1.152909400000000417e+00
1.158601825000000085e+00
1.164327475000000112e+00
1.170136550000000275e+00
1.176123000000000696e+00
1.182081175000000206e+00
1.187351875000000945e+00
