0.000000000000000000e+00
1.275369964951190505e-03
1.550921012656437774e-03
1.941983894758059952e-03
2.144302234848211898e-03
2.372156308087720964e-03
2.685130330170201925e-03
2.858981601461918487e-03
3.413040954925295519e-03
3.351549529322211170e-03
3.956906483526384348e-03
4.047460950321137875e-03
4.450567986153234484e-03
5.198085425423056016e-03
5.486578658360066751e-03
5.609155542002480441e-03
5.654614228607574358e-03
6.111890516852820990e-03
5.929498060491503360e-03
6.314626038808149669e-03
6.512820530307796701e-03
6.775981360612750963e-03
7.160227674277727314e-03
7.234739955545828674e-03
7.355485524040780536e-03
7.312724354464249232e-03
7.621320292278347362e-03
7.546919513284424536e-03
7.533300339160782511e-03
7.255975957788126166e-03
7.485971549129510211e-03
7.303943983176044291e-03
7.292804950600398697e-03
7.589935029984160031e-03
7.635812821787644512e-03
7.998900565038680535e-03
8.252720441012398322e-03
8.052616267361043315e-03
7.893079234327709040e-03
7.535476712856276765e-03
7.471663944363331374e-03
7.688834053312382580e-03
7.562924095174694029e-03
7.516306678814863203e-03
7.533143775343457797e-03
7.616337607406787995e-03
7.814899465124505035e-03
7.991393559597189181e-03
8.141600318694671920e-03
8.362297442090986521e-03
8.160221224789380307e-03
8.199229661377233080e-03
8.160772656434249137e-03
8.146620935662610141e-03
8.223999435759460699e-03
8.499237600955436220e-03
8.741196670043440559e-03
8.900517552929275433e-03
8.897901908561489659e-03
8.884530897999228655e-03
9.352030828615286520e-03
9.258978042419079707e-03
9.179918392849347256e-03
9.348101037075742803e-03
9.259198973993685786e-03
8.952175290082858491e-03
8.620147141436022495e-03
8.960067836099103525e-03
9.137595832055424652e-03
9.049124985288155287e-03
9.169735683179506061e-03
9.406846122605488220e-03
9.390696698727864222e-03
9.836984689807074314e-03
9.959174019339976994e-03
1.017389937287464623e-02
1.015568357669738818e-02
9.977197633823734965e-03
1.022706021347322657e-02
1.033171052766730137e-02
1.038371061684471852e-02
1.056606701556940704e-02
1.073593948846598804e-02
1.101423625257318649e-02
1.109303812701922624e-02
1.144541881005238168e-02
1.160008673620594073e-02
1.161211067635868274e-02
1.176602529401380402e-02
1.163736301358681523e-02
1.197452893133989227e-02
1.155463608210996647e-02
1.163860256213691997e-02
1.164295862933362527e-02
1.166538673316802784e-02
1.145406708310972750e-02
1.154264949123451345e-02
1.164893009784046668e-02
1.172676241327932564e-02
1.232748944594971169e-02
1.224844844661442285e-02
