0.000000000000000000e+00
1.116502285003662066e-03
1.410740613937377886e-03
1.671743392944335981e-03
1.936984062194824262e-03
2.186733484268188650e-03
2.430510520935058420e-03
2.655762434005737478e-03
2.891260385513305838e-03
3.133004903793334874e-03
3.353255987167358572e-03
3.575026988983154297e-03
3.785496950149536046e-03
4.011005163192749023e-03
4.219001531600952495e-03
4.423511028289794748e-03
4.635500907897949392e-03
4.842507839202881033e-03
5.045002698898315777e-03
5.245262384414672505e-03
5.453753471374511892e-03
5.656242370605468750e-03
5.855023860931396484e-03
6.057006120681762522e-03
6.258988380432128559e-03
6.462252140045166363e-03
6.664258241653442209e-03
6.868267059326171528e-03
7.071751356124878103e-03
7.279765605926513498e-03
7.486754655838012348e-03
7.695496082305908203e-03
7.911741733551025391e-03
8.124744892120361675e-03
8.327001333236693989e-03
8.523011207580566059e-03
8.734756708145141255e-03
8.944505453109740864e-03
9.172016382217406880e-03
9.380263090133667686e-03
9.588754177093506206e-03
9.796261787414550781e-03
9.992754459381103863e-03
1.019449234008789132e-02
1.039023995399475028e-02
1.058049201965332101e-02
1.077424883842468227e-02
1.096724867820739711e-02
1.115624904632568290e-02
1.135350465774536202e-02
1.153675317764282261e-02
1.172299385070800851e-02
1.190549731254577671e-02
1.210100650787353585e-02
1.229500174522399868e-02
1.247925758361816476e-02
1.266276240348815883e-02
1.285426616668701102e-02
1.304925680160522530e-02
1.328124999999999965e-02
1.346674561500549316e-02
1.365674138069152867e-02
1.388351321220398019e-02
1.407350301742553780e-02
1.426225304603576625e-02
1.445549726486206055e-02
1.472050547599792515e-02
1.494302153587341239e-02
1.516200304031372140e-02
1.534652113914489711e-02
1.563723087310791085e-02
1.609273552894592216e-02
1.627349853515625000e-02
1.646450757980346541e-02
1.668175458908081193e-02
1.690025329589843819e-02
1.708000898361206055e-02
1.725701093673705916e-02
1.743251681327819685e-02
1.764674782752990653e-02
1.782975792884826730e-02
1.800824999809265067e-02
1.817800402641296317e-02
1.835375428199768205e-02
1.852752566337585380e-02
1.870052218437194894e-02
1.887550950050354004e-02
1.905949115753173898e-02
1.923798918724060197e-02
1.940749883651733329e-02
1.959325075149536202e-02
1.976975798606872559e-02
1.994950771331787179e-02
2.012698650360107352e-02
2.030499577522277763e-02
2.047802209854126046e-02
2.066679000854492257e-02
2.084077000617980818e-02
2.102700471878051619e-02
2.120323777198791435e-02
2.139598727226257185e-02
