0.000000000000000000e+00
4.736823830374107180e-04
6.590713163232040728e-04
8.306623862918082433e-04
9.188987974744560697e-04
1.000000000000001105e-03
1.021946671798486120e-03
1.137706025298276108e-03
1.248749374374218428e-03
1.823286867171482976e-03
2.403643068344383984e-03
2.767670500619610289e-03
3.481289272668964489e-03
3.898397106504159285e-03
4.455053310567675361e-03
4.989927354180621367e-03
5.345500444298926200e-03
5.833041659374637103e-03
6.038987911893844290e-03
6.396092557178952205e-03
6.710998435404376752e-03
7.068901965652090238e-03
7.264253230718212793e-03
7.610477974477029492e-03
7.867019766086775015e-03
7.940363656659562425e-03
7.987490219086344420e-03
7.901107517304139724e-03
8.038617729435827350e-03
8.002968199362034754e-03
8.191458966508958356e-03
8.043592170168751068e-03
8.136184609508316512e-03
8.244846875473188855e-03
8.179203812107875213e-03
8.344122182710413463e-03
8.580646828765298509e-03
8.550438585242280468e-03
8.668873917643513810e-03
8.728688332160797203e-03
8.765521946809557916e-03
8.604904124974315643e-03
8.517298574078518633e-03
8.557306819321134142e-03
8.603741918491045193e-03
8.699101965145597873e-03
8.672369918309526596e-03
8.723495572303572101e-03
8.682417578071217196e-03
8.703303970332188638e-03
8.797726979169109146e-03
8.797158632194830574e-03
9.018730509334448725e-03
9.126335518706289035e-03
9.250371614156909644e-03
9.231434070608959819e-03
9.278469701410893902e-03
9.307221658475743620e-03
9.418598621875759469e-03
9.585275165586014390e-03
9.540669525772286705e-03
9.524146943427532971e-03
9.583547099065147998e-03
9.653723374947098881e-03
9.759322466237093166e-03
9.758297751144921414e-03
9.700998659931875379e-03
9.941705085145104842e-03
1.001670479748704642e-02
1.042997483218440109e-02
1.040961094373848463e-02
1.043264108459598244e-02
1.052663288996058891e-02
1.039182370905126530e-02
1.052375289523656797e-02
1.044961123678771371e-02
1.057402477772773769e-02
1.043524676277471190e-02
1.052900755057190052e-02
1.060397920593962942e-02
1.072100741535048085e-02
1.090825375575760897e-02
1.111935249913410806e-02
1.127153494427444134e-02
1.131138806689965109e-02
1.151911454930455193e-02
1.175369622714488027e-02
1.172081481809177789e-02
1.203079382252059994e-02
1.224517762223153138e-02
1.235999089805489906e-02
1.241045426243535948e-02
1.247535069647342544e-02
1.253931317895840697e-02
1.259501389439488146e-02
1.274105078084221930e-02
1.289551763210768087e-02
1.315589221603765367e-02
1.325245260319764598e-02
1.340997762861669169e-02
1.366452981262071022e-02
