0.000000000000000000e+00
4.494270713475053552e-02
4.927402351926921109e-02
4.838835793989475914e-02
4.813358328895071814e-02
4.842543664113288515e-02
4.819345883903090877e-02
4.869233636810164911e-02
4.886648415631481696e-02
4.922200364562564351e-02
4.971180430460513111e-02
4.973345373885015852e-02
4.972292934184747992e-02
5.002499002722883559e-02
5.000895112977245954e-02
5.026520533653783956e-02
5.065454315419317538e-02
5.093577977905086596e-02
5.109975078837798723e-02
5.134324026753055853e-02
5.167820376500585622e-02
5.172879882443959243e-02
5.211763948438526833e-02
5.256956667406860462e-02
5.293959970360077871e-02
5.327123537085920457e-02
5.580819371198439405e-02
6.169758908980445961e-02
8.483421057877747751e-02
8.869362050316800805e-02
9.218535591022231079e-02
9.825169438485195639e-02
6.267504798916641306e-02
6.291729491697269083e-02
6.338933729645966630e-02
6.434711465994377710e-02
6.451872316869984580e-02
6.467540229310030087e-02
6.601229785880283196e-02
6.687011698224659684e-02
6.832247074308683832e-02
6.867903798496283185e-02
6.922501229865790640e-02
6.999624719904623538e-02
7.107541193380428890e-02
7.239460437095748824e-02
7.373616364542107116e-02
7.464451128509018429e-02
7.557602283154556122e-02
7.662454786114132610e-02
7.748890081333796587e-02
7.869832651905218912e-02
7.965868318996581487e-02
8.024221949689260003e-02
8.175318188914286466e-02
8.283742859779223700e-02
8.400669701100826892e-02
8.522018632957471806e-02
8.558964769245951121e-02
8.617313630702994054e-02
8.737211497239442959e-02
8.830956324481485653e-02
8.906037803363732464e-02
8.960414681128038572e-02
9.106449582541722987e-02
9.200793521809617903e-02
9.291769539366183384e-02
9.399614827613574086e-02
9.490827232721836537e-02
9.530379684749909486e-02
9.607976790505866338e-02
9.738025782875242564e-02
9.829586038211035603e-02
9.943904999375230425e-02
1.006252973165665671e-01
1.022442328964046215e-01
1.035847752114656822e-01
1.045766738358003128e-01
1.057349320773378898e-01
1.061247662095303190e-01
1.070522209278606113e-01
1.075246859624683915e-01
1.079784388022640984e-01
1.091500129255488089e-01
1.105029934065583780e-01
1.115833122260868615e-01
1.124711675228115132e-01
1.133744498668458195e-01
1.145620469687055470e-01
1.159371826698375463e-01
1.168430476651665106e-01
1.179211915025773078e-01
1.194775293381979131e-01
1.204603070575505780e-01
1.215999983683794944e-01
1.227607497374235135e-01
1.242143049972478513e-01
1.258112203052548783e-01
1.269156899173617681e-01
1.278282789350397852e-01
1.291591936443525490e-01
