0.000000000000000000e+00
5.454356057317861660e-04
8.426149773176362092e-04
1.363818169698585410e-03
1.987460691435178999e-03
2.616175643950535788e-03
3.114080923804003320e-03
3.562302626111374815e-03
3.861346915261564330e-03
4.042276586281548512e-03
4.312119548435549253e-03
4.531487062764276257e-03
4.597825573029059795e-03
4.779578956351699694e-03
4.780167361086848019e-03
5.064521201456262042e-03
5.257791836883615733e-03
5.539855593785815435e-03
5.556752648804876016e-03
5.664307106787203581e-03
5.675330386858547932e-03
5.661051139143682964e-03
5.767094155638522422e-03
5.761455979177486017e-03
6.029925372672533673e-03
6.093798076733426133e-03
6.239190652640774250e-03
6.211632233157399555e-03
6.255747357430604082e-03
6.457360141729745658e-03
6.515366451704769808e-03
6.681878478392134536e-03
6.739389809174121948e-03
6.903622237637282999e-03
6.837397165588671513e-03
7.118813103319961838e-03
7.128770931934902931e-03
7.067531393633848767e-03
7.226859622270242686e-03
7.309197972418039237e-03
7.500666637039669730e-03
7.605261336732616929e-03
7.806887984337934280e-03
7.824600628786110984e-03
8.021845174272561330e-03
8.100887297080486271e-03
8.165629185800684503e-03
8.296045744811193778e-03
8.452218643646172008e-03
8.529214500761482867e-03
8.622608364062462824e-03
8.663104235780611645e-03
8.592293058316855664e-03
8.648554792565056257e-03
8.787740039395801339e-03
9.154233993076651629e-03
9.274932614310473639e-03
9.250641869621807276e-03
9.423242541715672396e-03
9.525754563287891150e-03
9.570135840206243569e-03
9.681296400792616802e-03
9.856343135260665564e-03
9.923583022275771215e-03
9.835649444749440529e-03
9.972462083156791862e-03
9.894948206029173521e-03
9.696616677996504341e-03
9.768540064922700064e-03
9.893147881235778499e-03
9.919551401147126343e-03
1.007112208246926065e-02
1.005854736032991449e-02
1.016747264564797811e-02
1.031637048578616656e-02
1.036553785386942414e-02
1.051519733528571456e-02
1.063105709701532044e-02
1.070875809793086011e-02
1.070954597543704451e-02
1.078088586341585317e-02
1.085345567089117738e-02
1.075101739371673790e-02
1.082635672791174702e-02
1.100905876994033236e-02
1.096300597464035589e-02
1.114271062174730306e-02
1.130431333606779325e-02
1.138636794592552334e-02
1.150695441895900444e-02
1.164020510987672299e-02
1.178237560935824733e-02
1.203201458609489023e-02
1.209852780300149644e-02
1.219628529512162794e-02
1.237474747217089804e-02
1.258508541885990269e-02
1.266836611406538596e-02
1.268266533501535669e-02
1.290714433947339791e-02
1.299759593155596672e-02
