0.000000000000000000e+00
9.750000000000008226e-04
1.375000000000001221e-03
1.900000000000001080e-03
2.425000000000001373e-03
3.000000000000001797e-03
3.575000000000002655e-03
4.175000000000003361e-03
4.875000000000002595e-03
5.775000000000004088e-03
6.650000000000004866e-03
7.800000000000005713e-03
9.075000000000004938e-03
1.045000000000000616e-02
1.205000000000000862e-02
1.352500000000000924e-02
1.522500000000001109e-02
1.702500000000001235e-02
1.892500000000001126e-02
2.080000000000001292e-02
2.275000000000001327e-02
2.467500000000001636e-02
2.667500000000001467e-02
2.867500000000001645e-02
3.060000000000001608e-02
3.252500000000000530e-02
3.450000000000000289e-02
3.665000000000000202e-02
3.867500000000000104e-02
4.055000000000000271e-02
4.250000000000000305e-02
4.447500000000000758e-02
4.644999999999999823e-02
4.835000000000000409e-02
5.027500000000000024e-02
5.222500000000000753e-02
5.414999999999999675e-02
5.629999999999999588e-02
5.852500000000000757e-02
6.060000000000000803e-02
6.262500000000001399e-02
6.457500000000002127e-02
6.657499999999999529e-02
6.865000000000003044e-02
7.077500000000000457e-02
7.277500000000000635e-02
7.480000000000000537e-02
7.672500000000000153e-02
7.862500000000002820e-02
8.044999999999999374e-02
8.250000000000001776e-02
8.459999999999999465e-02
8.675000000000002154e-02
8.890000000000002067e-02
9.092500000000000582e-02
9.292500000000000759e-02
9.490000000000001212e-02
9.697500000000001952e-02
9.920000000000002427e-02
1.011500000000000038e-01
1.032250000000000112e-01
1.051250000000000240e-01
1.071750000000000203e-01
1.091750000000000498e-01
1.111750000000000238e-01
1.132250000000000478e-01
1.151250000000000051e-01
1.172500000000000486e-01
1.193749999999999811e-01
1.216250000000000525e-01
1.237999999999999934e-01
1.259000000000000397e-01
1.282000000000000361e-01
1.303999999999999881e-01
1.325250000000000039e-01
1.345750000000000557e-01
1.367000000000000159e-01
1.388250000000000317e-01
1.408000000000000640e-01
1.428250000000000353e-01
1.448999999999999733e-01
1.468999999999999750e-01
1.489000000000000323e-01
1.509500000000000008e-01
1.529500000000000026e-01
1.550999999999999601e-01
1.572750000000000536e-01
1.593500000000000472e-01
1.613999999999999879e-01
1.635749999999999704e-01
1.656749999999999889e-01
1.676749999999999907e-01
1.696249999999999702e-01
1.716249999999999720e-01
1.736250000000000016e-01
1.756250000000000033e-01
1.775750000000000661e-01
1.796500000000000041e-01
1.816500000000000337e-01
1.838499999999999024e-01
1.860750000000000459e-01
