0.000000000000000000e+00
5.591950000000150967e-03
7.884750000000361955e-03
1.050595000000074074e-02
1.229897499999994467e-02
1.374550000000008231e-02
1.546310000000004035e-02
1.708405000000014912e-02
1.842880000000058499e-02
1.972355000000048861e-02
2.108567500000023062e-02
2.227942500000041834e-02
2.362427500000010075e-02
2.507560000000088468e-02
2.663877500000048221e-02
2.782457500000035111e-02
2.906277500000032862e-02
3.030640000000043785e-02
3.149327500000055624e-02
3.257780000000086440e-02
3.333870000000044992e-02
3.440172500000004269e-02
3.548605000000051163e-02
3.667922500000082853e-02
3.774942500000033618e-02
3.906337500000037211e-02
3.997445000000045268e-02
4.127690000000022730e-02
4.219450000000048162e-02
4.335900000000016130e-02
4.418637500000015955e-02
4.534712500000052937e-02
4.624604999999965688e-02
4.705087500000040140e-02
4.787027500000011482e-02
4.882972500000031663e-02
4.959685000000017829e-02
5.059672500000006456e-02
5.155452500000012872e-02
5.261960000000036330e-02
5.342495000000032496e-02
5.437852500000060069e-02
5.523867500000066016e-02
5.652790000000029735e-02
5.747690000000034438e-02
5.816300000000014514e-02
5.906800000000016204e-02
6.004697500000024529e-02
6.127752499999974262e-02
6.226730000000020582e-02
6.374575000000037850e-02
6.453490000000002003e-02
6.530250000000033250e-02
6.641192499999995502e-02
6.745292500000021896e-02
6.877055000000073526e-02
6.957077500000011239e-02
7.066229999999985856e-02
7.206022499999986675e-02
7.291635000000026845e-02
7.405932500000025898e-02
7.493940000000012813e-02
7.611452500000030763e-02
7.709947500000083331e-02
7.802460000000058238e-02
7.920302500000035717e-02
8.005990000000012818e-02
8.123315000000039254e-02
8.206390000000041152e-02
8.321527500000028277e-02
8.421152500000020358e-02
8.522002500000064318e-02
8.599575000000078684e-02
8.679925000000013324e-02
8.782255000000034617e-02
8.866872500000026747e-02
8.948229999999979256e-02
9.063197500000057250e-02
9.168120000000032355e-02
9.276465000000008732e-02
9.363797500000024809e-02
9.447965000000065061e-02
9.560299999999996579e-02
9.703285000000039240e-02
9.823375000000052204e-02
9.958024999999991189e-02
1.005392499999999689e-01
1.017251999999996270e-01
1.024040750000003719e-01
1.033392000000006306e-01
1.044601500000003763e-01
1.053466000000005398e-01
1.061575250000002801e-01
1.071431750000005206e-01
1.080433750000002746e-01
1.092111750000003545e-01
1.101253500000007463e-01
1.110969750000008194e-01
1.119664500000002727e-01
1.130111000000005445e-01
1.143695250000007768e-01
