0.000000000000000000e+00
9.500000000000006486e-04
1.700000000000000773e-03
2.800000000000001706e-03
4.000000000000001818e-03
5.425000000000003604e-03
7.050000000000003313e-03
8.900000000000005129e-03
1.070000000000000638e-02
1.260000000000000876e-02
1.457500000000000982e-02
1.662500000000000783e-02
1.860000000000001236e-02
2.042500000000001259e-02
2.250000000000001305e-02
2.452500000000001554e-02
2.682500000000001550e-02
2.910000000000001474e-02
3.165000000000001146e-02
3.362500000000000211e-02
3.587500000000000411e-02
3.805000000000000743e-02
4.012500000000000094e-02
4.217499999999999721e-02
4.429999999999999216e-02
4.637499999999999956e-02
4.835000000000000409e-02
5.037500000000000311e-02
5.237500000000000488e-02
5.444999999999998452e-02
5.650000000000000855e-02
5.855000000000000482e-02
6.067499999999999977e-02
6.280000000000000859e-02
6.500000000000000222e-02
6.714999999999998748e-02
6.932499999999999774e-02
7.149999999999998024e-02
7.365000000000002101e-02
7.577500000000000902e-02
7.780000000000000804e-02
7.989999999999999880e-02
8.195000000000000895e-02
8.397500000000000797e-02
8.600000000000000699e-02
8.797500000000001152e-02
9.015000000000003566e-02
9.222500000000002918e-02
9.440000000000001168e-02
9.645000000000004958e-02
9.872500000000000719e-02
1.007250000000000228e-01
1.028500000000000386e-01
1.050500000000000184e-01
1.070250000000000090e-01
1.090000000000000274e-01
1.110250000000000126e-01
1.129750000000000199e-01
1.149499999999999689e-01
1.171000000000000513e-01
1.192500000000000504e-01
1.213500000000000273e-01
1.235500000000000070e-01
1.258500000000000174e-01
1.280999999999999917e-01
1.305000000000000049e-01
1.327000000000000124e-01
1.349750000000000671e-01
1.369750000000000134e-01
1.389749999999999874e-01
1.409500000000000197e-01
1.428499999999999770e-01
1.447750000000000148e-01
1.468499999999999805e-01
1.488500000000000101e-01
1.508250000000000146e-01
1.529250000000000331e-01
1.550749999999999906e-01
1.571500000000000397e-01
1.591750000000000109e-01
1.613500000000000489e-01
1.635500000000000287e-01
1.656250000000000222e-01
1.676999999999999880e-01
1.697249999999999315e-01
1.717499999999999583e-01
1.737000000000000488e-01
1.757499999999999896e-01
1.777249999999999386e-01
1.798000000000000154e-01
1.818250000000000421e-01
1.837749999999999662e-01
1.859249999999999514e-01
1.879750000000000032e-01
1.902749999999999997e-01
1.923750000000000182e-01
1.946249999999999925e-01
1.967500000000000082e-01
1.990000000000000102e-01
2.011750000000000205e-01
2.032500000000000140e-01
