0.000000000000000000e+00
2.673560236086288387e-04
3.462256920951384959e-04
3.965408247727186222e-04
4.346662570153254196e-04
4.756000053109242401e-04
5.028313039010493153e-04
5.318233610761461489e-04
5.635921084314039591e-04
6.016498712857947049e-04
6.390213380108078533e-04
6.685811695019890652e-04
7.024892941500026841e-04
7.299768005592086788e-04
7.573674933772248184e-04
7.900231646911819649e-04
8.286595957627620763e-04
8.652826658538792905e-04
9.010773875192217008e-04
9.356400666975777519e-04
9.842355995907281670e-04
1.023217264956909371e-03
1.065049543925682043e-03
1.108567403455235122e-03
1.144320134086148320e-03
1.185065560696887477e-03
1.236399571277940757e-03
1.279836056740959495e-03
1.326169677250733014e-03
1.370951626864650276e-03
1.415596635639468229e-03
1.458031285240700024e-03
1.502410303724455339e-03
1.543879639263838217e-03
1.584527883447602904e-03
1.612418144200283452e-03
1.658717110931525992e-03
1.709601004263204636e-03
1.749686537531314895e-03
1.789704204238381667e-03
1.832270629505157412e-03
1.862283030595982295e-03
1.896635652458754156e-03
1.927121323073029873e-03
1.960175904160958976e-03
1.993855652383017072e-03
2.025691093848071712e-03
2.057519527540242234e-03
2.089076230353076064e-03
2.123177239422385527e-03
2.157952666236685486e-03
2.192300642090968827e-03
2.222811658885448256e-03
2.247953718357880142e-03
2.274686829652569891e-03
2.305966499873065255e-03
2.333590899274806500e-03
2.364070613422159222e-03
2.384638987592354806e-03
2.452308657103297387e-03
2.477444503252837493e-03
2.514623943929009727e-03
2.580251184275058306e-03
2.611145092452711331e-03
2.650301117096981289e-03
2.683823592155652315e-03
2.762313025830690633e-03
2.806287316378567633e-03
2.846119767807448950e-03
2.873396286565963950e-03
2.989246572498385594e-03
3.367895754557995169e-03
3.400642740732845448e-03
3.434777584835694599e-03
3.424017961846049975e-03
3.435801623974437270e-03
3.462842959118064314e-03
3.483161672206918844e-03
3.505367884023819977e-03
3.518895563223913003e-03
3.547065096917774874e-03
3.571610037287569969e-03
3.590536379401056653e-03
3.609456554315191874e-03
3.631794950363843866e-03
3.653667760354051188e-03
3.681954122035806676e-03
3.702972005716067497e-03
3.725690019710898530e-03
3.743764522461070620e-03
3.756581910665527952e-03
3.784841231350802391e-03
3.808278307010502101e-03
3.834272687024778761e-03
3.859217618915683316e-03
3.878357291400499895e-03
3.905219403712793802e-03
3.921400333051285568e-03
3.933838733735087710e-03
3.951996031445149590e-03
3.976247725510048334e-03
