0.000000000000000000e+00
7.199999999999998068e-02
8.880000000000000115e-01
1.991000000000000103e+00
9.445999999999999730e+00
1.708099999999999952e+01
2.422500000000000142e+01
3.113100000000000023e+01
3.870800000000000551e+01
4.558300000000000551e+01
5.335800000000000409e+01
6.142000000000000171e+01
6.892399999999999238e+01
7.667600000000000193e+01
8.435899999999999466e+01
9.193299999999999272e+01
9.911399999999999011e+01
1.070679999999999978e+02
1.146970000000000027e+02
1.224260000000000019e+02
1.291479999999999961e+02
1.366949999999999932e+02
1.436610000000000014e+02
1.508640000000000043e+02
1.581790000000000020e+02
1.660289999999999964e+02
1.733489999999999895e+02
1.814549999999999841e+02
1.888530000000000086e+02
1.957990000000000066e+02
2.031279999999999859e+02
2.100360000000000014e+02
2.172990000000000066e+02
2.252450000000000045e+02
2.325639999999999930e+02
2.394819999999999993e+02
2.471370000000000005e+02
2.546529999999999916e+02
2.616299999999999955e+02
2.687719999999999914e+02
2.756299999999999955e+02
2.825790000000000077e+02
2.896709999999999923e+02
2.965910000000000082e+02
3.035749999999999886e+02
3.104279999999999973e+02
3.181200000000000045e+02
3.254329999999999927e+02
3.329639999999999986e+02
3.407669999999999959e+02
3.486549999999999727e+02
3.558899999999999864e+02
3.629420000000000073e+02
3.704440000000000168e+02
3.777269999999999754e+02
3.847470000000000141e+02
3.916120000000000232e+02
3.993679999999999950e+02
4.064250000000000114e+02
4.140090000000000146e+02
4.211859999999999786e+02
4.283190000000000168e+02
4.352660000000000196e+02
4.421379999999999768e+02
4.490600000000000023e+02
4.570129999999999768e+02
4.644329999999999927e+02
4.713899999999999864e+02
4.784219999999999686e+02
4.858340000000000032e+02
4.927789999999999964e+02
4.997760000000000105e+02
5.066209999999999809e+02
5.140409999999999400e+02
5.221250000000000000e+02
5.297670000000000528e+02
5.368849999999999909e+02
5.446029999999999518e+02
5.523319999999999936e+02
5.596380000000000337e+02
5.671019999999999754e+02
5.743650000000000091e+02
5.822269999999999754e+02
5.893959999999999582e+02
5.961169999999999618e+02
6.013680000000000518e+02
6.067450000000000045e+02
6.122169999999999845e+02
6.176349999999999909e+02
6.225950000000000273e+02
6.276699999999999591e+02
6.326219999999999573e+02
6.375819999999999936e+02
6.425900000000000318e+02
6.478020000000000209e+02
6.528149999999999409e+02
6.577999999999999545e+02
6.631989999999999554e+02
6.681889999999999645e+02
6.737590000000000146e+02
6.791309999999999718e+02
6.843360000000000127e+02
6.892849999999999682e+02
6.942740000000000009e+02
6.996100000000000136e+02
7.045800000000000409e+02
7.096219999999999573e+02
7.149800000000000182e+02
7.200929999999999609e+02
7.255069999999999482e+02
7.305720000000000027e+02
7.359510000000000218e+02
7.410299999999999727e+02
7.466159999999999854e+02
7.518160000000000309e+02
7.572540000000000191e+02
7.626449999999999818e+02
7.680720000000000027e+02
7.730259999999999536e+02
7.784579999999999700e+02
7.836200000000000045e+02
7.890109999999999673e+02
7.942290000000000418e+02
7.991950000000000500e+02
8.047880000000000109e+02
8.097740000000000009e+02
8.148419999999999845e+02
8.198659999999999854e+02
8.252599999999999909e+02
8.303700000000000045e+02
8.357770000000000437e+02
8.412229999999999563e+02
8.468949999999999818e+02
8.523619999999999663e+02
8.577490000000000236e+02
8.633319999999999936e+02
8.684360000000000355e+02
8.738070000000000164e+02
8.787949999999999591e+02
8.843060000000000400e+02
8.893350000000000364e+02
8.942770000000000437e+02
8.993780000000000427e+02
9.050190000000000055e+02
9.106250000000000000e+02
9.160549999999999500e+02
9.217190000000000509e+02
9.271480000000000246e+02
9.325670000000000073e+02
9.380080000000000382e+02
9.430349999999999682e+02
9.481299999999999955e+02
9.531499999999999773e+02
9.585779999999999745e+02
9.642849999999999682e+02
9.693669999999999618e+02
9.743319999999999936e+02
9.794120000000000346e+02
9.848450000000000273e+02
9.899420000000000073e+02
9.949850000000000136e+02
1.000357999999999947e+03
1.005349000000000046e+03
1.010732999999999947e+03
1.016181000000000040e+03
1.021298000000000002e+03
1.026685999999999922e+03
1.031654999999999973e+03
1.036768000000000029e+03
1.042183999999999969e+03
1.047180000000000064e+03
1.052816000000000031e+03
1.057898999999999887e+03
1.063102000000000089e+03
1.068199000000000069e+03
1.073530999999999949e+03
1.078998000000000047e+03
1.084424999999999955e+03
1.089387999999999920e+03
1.094552999999999884e+03
1.099987000000000080e+03
1.105401000000000067e+03
1.110792999999999893e+03
1.116249000000000024e+03
1.121663999999999987e+03
1.126715999999999894e+03
1.132169000000000096e+03
1.137355000000000018e+03
1.142794000000000096e+03
1.148250000000000000e+03
1.153662000000000035e+03
1.159119999999999891e+03
1.164482999999999947e+03
1.169919000000000096e+03
1.174863000000000056e+03
1.179802999999999884e+03
1.185230999999999995e+03
1.190365999999999985e+03
1.195865999999999985e+03
1.200798999999999978e+03
1.205798999999999978e+03
