0.000000000000000000e+00
1.730000000000000149e-01
1.889999999999999736e-01
1.959999999999999798e-01
2.079999999999999905e-01
2.210000000000000020e-01
2.270000000000000073e-01
2.350000000000000144e-01
2.489999999999999714e-01
2.640000000000000124e-01
2.800000000000000266e-01
2.930000000000000382e-01
3.079999999999999405e-01
4.790999999999999481e+00
1.008300000000000018e+01
1.472499999999999964e+01
1.980699999999999861e+01
2.489600000000000080e+01
2.999699999999999989e+01
3.460400000000000631e+01
3.968700000000000472e+01
4.446800000000000352e+01
4.912800000000000011e+01
5.380300000000000438e+01
5.880499999999999972e+01
6.373900000000000432e+01
6.832200000000000273e+01
7.332300000000000750e+01
7.840900000000000603e+01
8.291700000000000159e+01
8.793099999999999739e+01
9.287199999999999989e+01
9.794100000000000250e+01
1.027390000000000043e+02
1.072980000000000018e+02
1.118850000000000051e+02
1.167810000000000059e+02
1.217720000000000056e+02
1.262930000000000064e+02
1.310370000000000061e+02
1.359440000000000168e+02
1.404050000000000011e+02
1.448909999999999911e+02
1.495310000000000059e+02
1.540360000000000014e+02
1.587220000000000084e+02
1.636150000000000091e+02
1.686570000000000107e+02
1.732129999999999939e+02
1.777599999999999909e+02
1.823310000000000173e+02
1.870850000000000080e+02
1.921430000000000007e+02
1.971160000000000139e+02
2.019879999999999995e+02
2.070420000000000016e+02
2.116109999999999900e+02
2.161349999999999909e+02
2.209149999999999920e+02
2.255510000000000161e+02
2.306769999999999925e+02
2.353010000000000161e+02
2.401289999999999907e+02
2.449679999999999893e+02
2.496140000000000043e+02
2.547530000000000143e+02
2.594739999999999895e+02
2.641800000000000068e+02
2.692350000000000136e+02
2.743729999999999905e+02
2.789730000000000132e+02
2.836949999999999932e+02
2.884870000000000232e+02
2.935400000000000205e+02
2.987259999999999991e+02
3.038509999999999991e+02
3.089970000000000141e+02
3.136039999999999850e+02
3.184950000000000045e+02
3.232219999999999800e+02
3.278280000000000314e+02
3.329789999999999850e+02
3.376700000000000159e+02
3.428670000000000186e+02
3.475550000000000068e+02
3.525720000000000027e+02
3.576779999999999973e+02
3.623799999999999955e+02
3.671410000000000196e+02
3.723439999999999941e+02
3.773829999999999814e+02
3.820289999999999964e+02
3.867970000000000255e+02
3.914920000000000186e+02
3.966870000000000118e+02
4.017649999999999864e+02
4.065590000000000259e+02
4.111630000000000109e+02
4.159929999999999950e+02
4.211360000000000241e+02
4.262389999999999759e+02
4.312660000000000196e+02
4.360210000000000150e+02
4.412200000000000273e+02
4.459669999999999845e+02
4.511070000000000277e+02
4.563480000000000132e+02
4.610620000000000118e+02
4.658740000000000236e+02
4.706670000000000300e+02
4.757529999999999859e+02
4.809460000000000264e+02
4.857570000000000050e+02
4.905149999999999864e+02
4.953349999999999795e+02
5.005360000000000014e+02
5.057850000000000250e+02
5.110040000000000191e+02
5.157559999999999718e+02
5.205929999999999609e+02
5.257369999999999663e+02
5.308439999999999372e+02
5.356879999999999882e+02
5.422649999999999864e+02
5.497479999999999336e+02
5.558199999999999363e+02
5.605349999999999682e+02
5.655809999999999036e+02
5.702219999999999800e+02
5.748339999999999463e+02
5.800489999999999782e+02
5.851049999999999045e+02
5.899899999999998954e+02
5.949069999999999254e+02
5.997389999999999191e+02
6.047749999999999773e+02
6.093879999999999200e+02
6.141549999999999727e+02
6.189359999999999218e+02
6.237849999999999682e+02
6.285519999999999072e+02
6.332119999999999891e+02
6.378169999999998936e+02
6.424409999999999172e+02
6.474949999999998909e+02
6.524859999999999900e+02
6.576289999999999054e+02
6.623879999999999200e+02
6.674619999999999891e+02
6.720529999999999973e+02
6.768339999999999463e+02
6.813929999999999154e+02
6.865809999999999036e+02
6.915979999999999563e+02
6.966569999999999254e+02
7.017039999999999509e+02
7.063479999999999563e+02
7.113189999999999600e+02
7.160489999999999782e+02
7.206789999999999736e+02
7.253889999999998963e+02
7.299489999999999554e+02
7.347099999999999227e+02
7.394439999999999600e+02
7.441089999999999236e+02
7.488339999999999463e+02
7.535949999999999136e+02
7.586459999999999582e+02
7.636479999999999109e+02
7.687349999999999000e+02
7.737749999999999773e+02
7.786469999999999345e+02
7.832969999999999118e+02
7.880229999999999109e+02
7.930289999999999964e+02
7.976049999999999045e+02
8.025959999999998900e+02
8.071989999999999554e+02
8.117989999999999782e+02
8.168649999999998954e+02
8.219269999999999072e+02
8.266539999999999964e+02
8.312919999999999163e+02
8.363029999999999973e+02
8.411730000000000018e+02
8.458599999999999000e+02
8.504069999999999254e+02
8.550949999999999136e+02
8.601599999999999682e+02
8.651399999999999864e+02
8.701929999999999836e+02
8.748750000000000000e+02
8.798509999999999991e+02
8.846109999999999900e+02
8.892809999999999491e+02
8.938449999999999136e+02
8.984509999999999081e+02
9.036289999999999054e+02
9.087879999999998972e+02
9.134189999999999827e+02
9.181709999999999354e+02
