0.000000000000000000e+00
2.700000000000000178e-01
3.758999999999999897e+00
6.677000000000000490e+00
1.007399999999999984e+01
1.300100000000000122e+01
1.608299999999999841e+01
1.957099999999999795e+01
2.249799999999999756e+01
2.560799999999999699e+01
2.869800000000000040e+01
3.162399999999999878e+01
3.458299999999999841e+01
3.757499999999999574e+01
4.059700000000000131e+01
4.410099999999999909e+01
4.717900000000000205e+01
5.025000000000000000e+01
5.326200000000000045e+01
5.625199999999999534e+01
5.968200000000000216e+01
6.275199999999999534e+01
6.567300000000000182e+01
6.869499999999999318e+01
7.210200000000000387e+01
7.505799999999999272e+01
7.840699999999999648e+01
8.160800000000000409e+01
8.510299999999999443e+01
8.819400000000000261e+01
9.159300000000000352e+01
9.462999999999999545e+01
9.770600000000000307e+01
1.011919999999999931e+02
1.047099999999999937e+02
1.079629999999999939e+02
1.110559999999999974e+02
1.140879999999999939e+02
1.174320000000000022e+02
1.208780000000000001e+02
1.239069999999999965e+02
1.273160000000000025e+02
1.306800000000000068e+02
1.337289999999999850e+02
1.371610000000000014e+02
1.401939999999999884e+02
1.432719999999999914e+02
1.466719999999999970e+02
1.497450000000000045e+02
1.532429999999999950e+02
1.563249999999999886e+02
1.596459999999999866e+02
1.630190000000000055e+02
1.660420000000000016e+02
1.689650000000000034e+02
1.723089999999999975e+02
1.754170000000000016e+02
1.784389999999999930e+02
1.818599999999999852e+02
1.853539999999999850e+02
1.883909999999999911e+02
1.917479999999999905e+02
1.946630000000000109e+02
1.976899999999999977e+02
2.010130000000000052e+02
2.043640000000000043e+02
2.074619999999999891e+02
2.104849999999999852e+02
2.139819999999999993e+02
2.173050000000000068e+02
2.203770000000000095e+02
2.238609999999999900e+02
2.269600000000000080e+02
2.304480000000000075e+02
2.333710000000000093e+02
2.367930000000000064e+02
2.401510000000000105e+02
2.433439999999999941e+02
2.465339999999999918e+02
2.496020000000000039e+02
2.529550000000000125e+02
2.563039999999999736e+02
2.596229999999999905e+02
2.629830000000000041e+02
2.659850000000000136e+02
2.690129999999999768e+02
2.725079999999999814e+02
2.754639999999999986e+02
2.784909999999999854e+02
2.816820000000000164e+02
2.851139999999999759e+02
2.881089999999999804e+02
2.910659999999999741e+02
2.944010000000000105e+02
2.973969999999999914e+02
3.004889999999999759e+02
3.034150000000000205e+02
3.067400000000000091e+02
3.101619999999999777e+02
3.132319999999999709e+02
3.164320000000000164e+02
3.197719999999999914e+02
3.231730000000000018e+02
3.264909999999999854e+02
3.295649999999999977e+02
3.330670000000000073e+02
3.365509999999999877e+02
3.395409999999999968e+02
3.429549999999999841e+02
3.458659999999999854e+02
3.493589999999999804e+02
3.528620000000000232e+02
3.559429999999999836e+02
3.590319999999999823e+02
3.625230000000000246e+02
3.660389999999999873e+02
3.693990000000000009e+02
3.723589999999999804e+02
3.757830000000000155e+02
3.792029999999999745e+02
3.822760000000000105e+02
3.856929999999999836e+02
3.891829999999999927e+02
3.921279999999999859e+02
3.950579999999999927e+02
3.985480000000000018e+02
4.020489999999999782e+02
4.054759999999999991e+02
4.085600000000000023e+02
4.115899999999999750e+02
4.146800000000000068e+02
4.178750000000000000e+02
4.212959999999999923e+02
4.246429999999999723e+02
4.276700000000000159e+02
4.307540000000000191e+02
4.338430000000000177e+02
4.373249999999999886e+02
4.406569999999999823e+02
4.438809999999999718e+02
4.468389999999999986e+02
4.501709999999999923e+02
4.535230000000000246e+02
4.569189999999999827e+02
4.599080000000000155e+02
4.632730000000000246e+02
4.663809999999999718e+02
4.697130000000000223e+02
4.728020000000000209e+02
4.762930000000000064e+02
4.797730000000000246e+02
4.830949999999999704e+02
4.865880000000000223e+02
4.897839999999999918e+02
4.932769999999999868e+02
4.965969999999999800e+02
4.996909999999999741e+02
5.028890000000000100e+02
5.058790000000000191e+02
5.089479999999999791e+02
5.123530000000000655e+02
5.158440000000000509e+02
5.188370000000001028e+02
5.219060000000000628e+02
5.248740000000000236e+02
5.282950000000000728e+02
5.316250000000000000e+02
5.351070000000000846e+02
5.380640000000000782e+02
5.412730000000000246e+02
5.444660000000000082e+02
5.474990000000000236e+02
5.504110000000000582e+02
5.534830000000000609e+02
5.568160000000000309e+02
5.602130000000000791e+02
5.632940000000000964e+02
5.663840000000000146e+02
5.692940000000000964e+02
5.727120000000001028e+02
5.762000000000000455e+02
5.792680000000000291e+02
5.823420000000000982e+02
5.852750000000000909e+02
5.887680000000000291e+02
5.922270000000000891e+02
5.954170000000000300e+02
5.983330000000000837e+02
6.014220000000000255e+02
6.047610000000000809e+02
6.077570000000000618e+02
6.112630000000000337e+02
6.147450000000000045e+02
6.179390000000000782e+02
6.209020000000000437e+02
6.239280000000001110e+02
6.270020000000000664e+02
6.304830000000000609e+02
6.336800000000000637e+02
6.366690000000000964e+02
6.396710000000000491e+02
