0.000000000000000000e+00
1.700000000000000122e-01
5.004999999999999893e+00
1.085000000000000142e+01
1.565399999999999991e+01
2.113899999999999935e+01
2.603900000000000148e+01
3.161400000000000077e+01
3.722899999999999920e+01
4.257800000000000296e+01
4.803999999999999915e+01
5.274300000000000210e+01
5.827400000000000091e+01
6.349300000000000210e+01
6.848499999999999943e+01
7.348900000000000432e+01
7.861700000000000443e+01
8.356700000000000728e+01
8.866100000000000136e+01
9.417300000000000182e+01
9.924200000000000443e+01
1.049560000000000031e+02
1.102630000000000052e+02
1.151550000000000011e+02
1.203269999999999982e+02
1.259129999999999967e+02
1.312839999999999918e+02
1.363959999999999866e+02
1.410550000000000068e+02
1.461140000000000043e+02
1.509799999999999898e+02
1.559459999999999980e+02
1.607030000000000030e+02
1.655620000000000118e+02
1.706639999999999873e+02
1.761380000000000052e+02
1.808930000000000007e+02
1.856020000000000039e+02
1.909699999999999989e+02
1.966709999999999923e+02
2.024370000000000118e+02
2.076699999999999875e+02
2.136649999999999920e+02
2.196150000000000091e+02
2.254699999999999989e+02
2.311200000000000045e+02
2.362860000000000014e+02
2.422330000000000041e+02
2.472609999999999957e+02
2.529190000000000111e+02
2.584799999999999613e+02
2.633239999999999554e+02
2.683039999999999736e+02
2.736159999999999854e+02
2.785349999999999682e+02
2.839159999999999968e+02
2.900079999999999814e+02
2.955199999999999818e+02
3.014099999999999682e+02
3.073349999999999795e+02
3.134489999999999554e+02
3.194579999999999700e+02
3.255509999999999877e+02
3.307789999999999964e+02
3.363999999999999773e+02
3.414979999999999905e+02
3.472689999999999486e+02
3.528329999999999700e+02
3.579609999999999559e+02
3.633159999999999741e+02
3.686639999999999873e+02
3.738629999999999995e+02
3.791309999999999718e+02
3.843049999999999500e+02
3.890949999999999704e+02
3.941649999999999636e+02
3.995279999999999632e+02
4.047689999999999486e+02
4.100189999999999486e+02
4.154859999999999900e+02
4.207229999999999563e+02
4.260999999999999659e+02
4.317009999999999650e+02
4.372299999999999613e+02
4.431019999999999754e+02
4.482319999999999709e+02
4.533959999999999582e+02
4.591709999999999923e+02
4.649549999999999841e+02
4.709799999999999613e+02
4.768289999999999509e+02
4.825389999999999873e+02
4.877709999999999582e+02
4.930439999999999827e+02
4.980629999999999882e+02
5.033239999999999554e+02
5.085429999999999495e+02
5.139150000000000773e+02
5.191789999999999736e+02
5.247670000000000528e+02
5.307930000000000064e+02
5.360869999999999891e+02
5.419840000000000373e+02
5.473960000000000719e+02
5.527939999999999827e+02
5.589619999999999891e+02
5.643810000000000855e+02
5.696390000000000100e+02
5.758279999999999745e+02
5.812710000000000719e+02
5.869940000000000282e+02
5.929840000000000373e+02
5.991950000000000500e+02
6.044940000000000282e+02
6.102649999999999864e+02
6.163260000000000218e+02
6.215930000000000746e+02
6.269390000000000782e+02
6.322549999999999955e+02
6.378290000000000646e+02
6.427409999999999854e+02
6.483690000000000282e+02
6.535160000000000764e+02
6.587740000000000009e+02
6.640760000000000218e+02
6.695170000000000528e+02
6.753870000000000573e+02
6.810289999999999964e+02
6.871660000000000537e+02
6.926810000000000400e+02
6.986589999999999918e+02
7.041109999999999900e+02
7.099800000000000182e+02
7.152400000000000091e+02
7.210400000000000773e+02
7.263840000000000146e+02
7.314930000000000518e+02
7.367630000000000337e+02
7.417520000000000664e+02
7.467219999999999800e+02
7.522699999999999818e+02
7.572939999999999827e+02
7.624900000000000091e+02
7.686390000000000100e+02
7.736650000000000773e+02
7.794680000000000746e+02
7.842950000000000728e+02
7.894170000000000300e+02
7.952570000000000618e+02
8.007670000000000528e+02
8.059790000000000418e+02
8.105640000000000782e+02
8.157440000000000282e+02
8.203100000000000591e+02
8.253680000000000518e+02
8.306449999999999818e+02
8.358810000000000855e+02
8.420160000000000764e+02
8.473129999999999882e+02
8.528550000000000182e+02
8.585750000000000455e+02
8.637740000000000009e+02
8.693990000000000009e+02
8.744289999999999736e+02
8.795140000000000100e+02
8.855610000000000355e+02
8.910690000000000737e+02
8.970510000000000446e+02
9.021349999999999909e+02
9.076349999999999909e+02
9.133419999999999845e+02
9.184590000000000600e+02
9.240969999999999800e+02
9.291019999999999754e+02
9.336200000000000045e+02
9.384619999999999891e+02
9.442610000000000809e+02
9.490919999999999845e+02
9.541420000000000528e+02
9.591180000000000518e+02
9.650110000000000809e+02
9.701770000000000209e+02
9.754289999999999736e+02
9.822150000000000318e+02
9.878949999999999818e+02
9.933419999999999845e+02
9.992950000000000728e+02
1.004725999999999999e+03
1.010083000000000084e+03
1.015567000000000007e+03
1.020958000000000084e+03
1.026564000000000078e+03
1.032557999999999993e+03
1.037575000000000045e+03
1.042979000000000042e+03
1.048704999999999927e+03
1.054134000000000015e+03
1.059717000000000098e+03
1.064596000000000004e+03
1.070333000000000084e+03
1.076067999999999984e+03
