0.000000000000000000e+00
4.189999999999999281e-01
4.199999999999999289e-01
1.425999999999999934e+00
6.665999999999999481e+00
1.089800000000000146e+01
1.564100000000000001e+01
2.043799999999999883e+01
2.553399999999999892e+01
3.077299999999999969e+01
3.570400000000000063e+01
4.161399999999999721e+01
4.676500000000000057e+01
5.211800000000000210e+01
5.688199999999999790e+01
6.167600000000000193e+01
6.708799999999999386e+01
7.239199999999999591e+01
7.734300000000000352e+01
8.253499999999999659e+01
8.735299999999999443e+01
9.292900000000000205e+01
9.797599999999999909e+01
1.028289999999999935e+02
1.074459999999999980e+02
1.122349999999999994e+02
1.167469999999999999e+02
1.216140000000000043e+02
1.268469999999999942e+02
1.310519999999999925e+02
1.356390000000000100e+02
1.404759999999999991e+02
1.448739999999999952e+02
1.494789999999999850e+02
1.539120000000000061e+02
1.588040000000000020e+02
1.636539999999999964e+02
1.682079999999999984e+02
1.726829999999999927e+02
1.769639999999999986e+02
1.813839999999999861e+02
1.859979999999999905e+02
1.910180000000000007e+02
1.954919999999999902e+02
1.998700000000000045e+02
2.043659999999999854e+02
2.093629999999999995e+02
2.141599999999999966e+02
2.191339999999999861e+02
2.239900000000000091e+02
2.299859999999999900e+02
2.342189999999999941e+02
2.392760000000000105e+02
2.443539999999999850e+02
2.494389999999999930e+02
2.543909999999999911e+02
2.591040000000000418e+02
2.638040000000000305e+02
2.681260000000000332e+02
2.735600000000000023e+02
2.790400000000000205e+02
2.844260000000000446e+02
2.896640000000000441e+02
2.946100000000000136e+02
2.998240000000000123e+02
3.050180000000000291e+02
3.102710000000000150e+02
3.153210000000000264e+02
3.208240000000000123e+02
3.263790000000000191e+02
3.311310000000000286e+02
3.359050000000000296e+02
3.411460000000000150e+02
3.464800000000000182e+02
3.526220000000000141e+02
3.569180000000000064e+02
3.620940000000000509e+02
3.663950000000000387e+02
3.709070000000000391e+02
3.756590000000000487e+02
3.799740000000000464e+02
3.849750000000000227e+02
3.892960000000000491e+02
3.940070000000000050e+02
3.985960000000000036e+02
4.032590000000000146e+02
4.081740000000000350e+02
4.129510000000000218e+02
4.182200000000000273e+02
4.236700000000000159e+02
4.282379999999999995e+02
4.333860000000000241e+02
4.388470000000000368e+02
4.442660000000000196e+02
4.492440000000000282e+02
4.539080000000000155e+02
4.588400000000000318e+02
4.644190000000000396e+02
4.698260000000000218e+02
4.756370000000000005e+02
4.810390000000000441e+02
4.866080000000000041e+02
4.913810000000000286e+02
4.967210000000000036e+02
5.015280000000000200e+02
5.061980000000000359e+02
5.107930000000000064e+02
5.154260000000000446e+02
5.196349999999999909e+02
5.251330000000000382e+02
5.297480000000000473e+02
5.348480000000000700e+02
5.402910000000000537e+02
5.453279999999999745e+02
5.506170000000000755e+02
5.559900000000000091e+02
5.607269999999999754e+02
5.652400000000000091e+02
5.703160000000000309e+02
5.755800000000000409e+02
5.800249999999999773e+02
5.845700000000000500e+02
5.889420000000000073e+02
5.937400000000000091e+02
5.985550000000000637e+02
6.031620000000000346e+02
6.076069999999999709e+02
6.124310000000000400e+02
6.168890000000000100e+02
6.215220000000000482e+02
6.260439999999999827e+02
6.311549999999999727e+02
6.362440000000000282e+02
6.405760000000000218e+02
6.449880000000000564e+02
6.496209999999999809e+02
6.548090000000000828e+02
6.592789999999999964e+02
6.644379999999999882e+02
6.693640000000000327e+02
6.739360000000000355e+02
6.793930000000000291e+02
6.844700000000000273e+02
6.895740000000000691e+02
6.946520000000000437e+02
6.999270000000000209e+02
7.049210000000000491e+02
7.092710000000000719e+02
7.142799999999999727e+02
7.195570000000000164e+02
7.248020000000000209e+02
7.299680000000000746e+02
7.342670000000000528e+02
7.387250000000000227e+02
7.432749999999999773e+02
7.474440000000000737e+02
7.518310000000000173e+02
7.566680000000000064e+02
7.617939999999999827e+02
7.661280000000000427e+02
7.715210000000000719e+02
7.767570000000000618e+02
7.815049999999999955e+02
7.865550000000000637e+02
7.917340000000000373e+02
7.959940000000000282e+02
8.009320000000000164e+02
8.054360000000000355e+02
8.106770000000000209e+02
8.151739999999999782e+02
8.196109999999999900e+02
8.237960000000000491e+02
8.284379999999999882e+02
8.327370000000000800e+02
8.372760000000000673e+02
8.418269999999999982e+02
8.467390000000000327e+02
8.510779999999999745e+02
8.560180000000000291e+02
8.611330000000000382e+02
8.652839999999999918e+02
8.701910000000000309e+02
8.748290000000000646e+02
8.791370000000000573e+02
8.840460000000000491e+02
8.884560000000000173e+02
8.929320000000000164e+02
8.982019999999999982e+02
9.030670000000000073e+02
9.082400000000000091e+02
9.134730000000000700e+02
9.181810000000000400e+02
9.228690000000000282e+02
9.273860000000000809e+02
9.319800000000000182e+02
9.366560000000000628e+02
9.410480000000000018e+02
9.453650000000000091e+02
9.496510000000000673e+02
9.542240000000000464e+02
9.592960000000000491e+02
