0.000000000000000000e+00
3.410000000000000253e-01
3.410000000000000253e-01
3.420000000000000262e-01
3.420000000000000262e-01
3.430000000000000271e-01
3.440000000000000280e-01
3.450000000000000289e-01
3.450000000000000289e-01
3.460000000000000298e-01
3.460000000000000298e-01
3.470000000000000306e-01
3.480000000000000315e-01
3.480000000000000315e-01
3.490000000000000324e-01
3.500000000000000333e-01
3.500000000000000333e-01
3.510000000000000342e-01
3.510000000000000342e-01
3.520000000000000351e-01
3.530000000000000360e-01
3.530000000000000360e-01
3.540000000000000369e-01
3.550000000000000377e-01
3.550000000000000377e-01
3.560000000000000386e-01
3.580000000000000404e-01
3.590000000000000413e-01
3.599999999999999312e-01
3.609999999999999321e-01
3.619999999999999329e-01
3.629999999999999338e-01
3.639999999999999347e-01
3.659999999999999365e-01
3.669999999999999374e-01
1.276000000000000023e+00
2.295000000000000373e+00
8.223000000000000753e+00
1.479000000000000092e+01
2.112300000000000111e+01
2.690500000000000114e+01
3.281899999999999551e+01
3.943399999999999750e+01
4.614799999999999613e+01
5.181700000000000017e+01
5.840899999999999892e+01
6.494100000000000250e+01
7.131199999999999761e+01
7.764499999999999602e+01
8.387599999999999056e+01
9.045799999999999841e+01
9.671899999999999409e+01
1.027809999999999917e+02
1.090480000000000018e+02
1.149009999999999962e+02
1.209699999999999989e+02
1.267459999999999951e+02
1.328509999999999991e+02
1.385809999999999889e+02
1.445910000000000082e+02
1.504449999999999932e+02
1.572620000000000005e+02
1.636869999999999834e+02
1.693559999999999945e+02
1.750200000000000102e+02
1.813110000000000070e+02
1.868880000000000052e+02
1.927280000000000086e+02
1.988599999999999852e+02
2.051189999999999998e+02
2.115949999999999989e+02
2.181159999999999854e+02
2.240200000000000102e+02
2.301109999999999900e+02
2.365900000000000034e+02
2.429830000000000041e+02
2.496109999999999900e+02
2.554240000000000066e+02
2.618780000000000427e+02
2.680440000000000396e+02
2.741290000000000191e+02
2.799040000000000532e+02
2.859150000000000205e+02
2.927280000000000086e+02
2.986060000000000514e+02
3.043950000000000387e+02
3.104720000000000368e+02
3.174340000000000259e+02
3.234180000000000064e+02
3.297310000000000514e+02
3.363210000000000264e+02
3.431340000000000146e+02
3.489759999999999991e+02
3.553110000000000355e+02
3.616230000000000473e+02
3.675470000000000255e+02
3.732160000000000082e+02
3.793260000000000218e+02
3.861490000000000009e+02
3.919490000000000123e+02
3.976220000000000141e+02
4.040000000000000000e+02
4.097670000000000528e+02
4.154940000000000282e+02
4.211470000000000482e+02
4.274480000000000359e+02
4.336860000000000355e+02
4.400920000000000414e+02
4.460790000000000077e+02
4.518530000000000086e+02
4.576000000000000227e+02
4.634610000000000127e+02
4.696060000000000514e+02
4.753990000000000009e+02
4.812110000000000127e+02
4.878509999999999991e+02
4.936940000000000168e+02
4.994570000000000505e+02
5.052080000000000268e+02
5.115830000000000268e+02
5.178430000000000746e+02
5.242830000000000155e+02
5.303519999999999754e+02
5.362850000000000819e+02
5.421320000000000618e+02
5.487079999999999700e+02
5.547130000000000791e+02
5.610199999999999818e+02
5.670579999999999927e+02
5.732850000000000819e+02
5.794110000000000582e+02
5.851660000000000537e+02
5.915620000000000118e+02
5.974550000000000409e+02
6.039460000000000264e+02
6.099260000000000446e+02
6.156589999999999918e+02
6.216600000000000819e+02
6.281860000000000355e+02
6.348949999999999818e+02
6.421460000000000719e+02
6.481059999999999945e+02
6.538070000000000164e+02
6.604490000000000691e+02
6.667630000000000337e+02
6.735629999999999882e+02
6.792690000000000055e+02
6.850910000000000082e+02
6.911760000000000446e+02
6.974550000000000409e+02
7.038849999999999909e+02
7.100470000000000255e+02
7.166960000000000264e+02
7.233430000000000746e+02
7.289640000000000555e+02
7.350299999999999727e+02
7.411109999999999900e+02
7.467370000000000800e+02
7.526710000000000491e+02
7.592060000000000173e+02
7.660190000000000055e+02
7.719390000000000782e+02
7.786960000000000264e+02
7.848170000000000073e+02
7.907749999999999773e+02
7.967200000000000273e+02
8.025110000000000809e+02
8.083250000000000455e+02
8.140529999999999973e+02
8.211979999999999791e+02
8.271490000000000009e+02
8.332699999999999818e+02
8.392799999999999727e+02
8.455529999999999973e+02
8.522580000000000382e+02
8.581549999999999727e+02
8.641650000000000773e+02
8.709909999999999854e+02
8.774250000000000682e+02
8.834339999999999691e+02
8.894640000000000555e+02
8.955670000000000073e+02
9.018229999999999791e+02
9.084870000000000800e+02
9.147939999999999827e+02
9.207570000000000618e+02
9.272630000000000337e+02
9.330919999999999845e+02
9.396600000000000819e+02
9.457839999999999918e+02
9.526539999999999964e+02
9.583569999999999709e+02
9.641340000000000146e+02
9.699150000000000773e+02
9.758540000000000418e+02
9.822989999999999782e+02
9.893200000000000500e+02
9.958310000000000173e+02
1.001949000000000069e+03
1.008344000000000051e+03
1.014694000000000074e+03
