0.000000000000000000e+00
1.900000000000000022e-01
2.030000000000000138e-01
2.100000000000000200e-01
2.220000000000000306e-01
2.389999999999999902e-01
2.520000000000000018e-01
2.690000000000000169e-01
2.770000000000000240e-01
2.850000000000000311e-01
3.009999999999999898e-01
3.079999999999999960e-01
3.111000000000000210e+00
6.396999999999999353e+00
9.666999999999999815e+00
1.304700000000000060e+01
1.639300000000000068e+01
1.982199999999999918e+01
2.319900000000000162e+01
2.617900000000000205e+01
2.906599999999999895e+01
3.249300000000000210e+01
3.579899999999999949e+01
3.895000000000000284e+01
4.198799999999999955e+01
4.522700000000000387e+01
4.856199999999999761e+01
5.139099999999999824e+01
5.479400000000000404e+01
5.818299999999999983e+01
6.117300000000000182e+01
6.417799999999999727e+01
6.730099999999998772e+01
7.041299999999999670e+01
7.337999999999999545e+01
7.679399999999999693e+01
7.971999999999999886e+01
8.289599999999998658e+01
8.629399999999999693e+01
8.915099999999999625e+01
9.204599999999999227e+01
9.493099999999999739e+01
9.797199999999999420e+01
1.010899999999999892e+02
1.040349999999999966e+02
1.069809999999999945e+02
1.102729999999999961e+02
1.132739999999999867e+02
1.167709999999999866e+02
1.198829999999999956e+02
1.228939999999999912e+02
1.258699999999999903e+02
1.295209999999999866e+02
1.325589999999999975e+02
1.354639999999999986e+02
1.385060000000000002e+02
1.418149999999999977e+02
1.449739999999999895e+02
1.481349999999999909e+02
1.517999999999999829e+02
1.550919999999999845e+02
1.585789999999999793e+02
1.622189999999999941e+02
1.668139999999999930e+02
1.711889999999999930e+02
1.761409999999999911e+02
1.805979999999999848e+02
1.840449999999999875e+02
1.872669999999999959e+02
1.904009999999999820e+02
1.940430000000000064e+02
1.970449999999999875e+02
2.002759999999999820e+02
2.036519999999999868e+02
2.070849999999999795e+02
2.106659999999999968e+02
2.138419999999999845e+02
2.174549999999999841e+02
2.211389999999999816e+02
2.244679999999999893e+02
2.279729999999999848e+02
2.316800000000000068e+02
2.349039999999999964e+02
2.380399999999999920e+02
2.410269999999999868e+02
2.441049999999999898e+02
2.474979999999999905e+02
2.507379999999999995e+02
2.537620000000000005e+02
2.570130000000000337e+02
2.600180000000000291e+02
2.642090000000000032e+02
2.690150000000000432e+02
2.727900000000000205e+02
2.760550000000000068e+02
2.791539999999999964e+02
2.828750000000000000e+02
2.867640000000000100e+02
2.921370000000000005e+02
2.964170000000000300e+02
3.007540000000000191e+02
3.052470000000000141e+02
3.094110000000000014e+02
3.142019999999999982e+02
3.182789999999999964e+02
3.219440000000000168e+02
3.254260000000000446e+02
3.289310000000000400e+02
3.336370000000000005e+02
3.385700000000000500e+02
3.431560000000000059e+02
3.472309999999999945e+02
3.512850000000000250e+02
3.555760000000000218e+02
3.596779999999999973e+02
3.643400000000000318e+02
3.684689999999999941e+02
3.733029999999999973e+02
3.775700000000000500e+02
3.823050000000000068e+02
3.871770000000000209e+02
3.920900000000000318e+02
3.967700000000000387e+02
4.017770000000000437e+02
4.066320000000000050e+02
4.112280000000000086e+02
4.162520000000000095e+02
4.209360000000000355e+02
4.258370000000000459e+02
4.308640000000000327e+02
4.351140000000000327e+02
4.392150000000000318e+02
4.441070000000000277e+02
4.485220000000000482e+02
4.533410000000000082e+02
4.580150000000000432e+02
4.620049999999999955e+02
4.667880000000000109e+02
4.714460000000000264e+02
4.757549999999999955e+02
4.799480000000000359e+02
4.840280000000000200e+02
4.888770000000000095e+02
4.931000000000000227e+02
4.975790000000000077e+02
5.021970000000000027e+02
5.064560000000000173e+02
5.113140000000000214e+02
5.156560000000000628e+02
5.200099999999999909e+02
5.248190000000000737e+02
5.292620000000000573e+02
5.338460000000000036e+02
5.385819999999999936e+02
5.435380000000000109e+02
5.478430000000000746e+02
5.524020000000000437e+02
5.563799999999999955e+02
5.611390000000000100e+02
5.659800000000000182e+02
5.709379999999999882e+02
5.756480000000000246e+02
5.802200000000000273e+02
5.844730000000000700e+02
5.884859999999999900e+02
5.931689999999999827e+02
5.973000000000000682e+02
6.021510000000000673e+02
6.063619999999999663e+02
6.101280000000000427e+02
6.147450000000000045e+02
6.188500000000000227e+02
6.236990000000000691e+02
6.284070000000000391e+02
6.329759999999999991e+02
6.374890000000000327e+02
6.419869999999999663e+02
6.463910000000000764e+02
6.504669999999999845e+02
6.549660000000000082e+02
6.597390000000000327e+02
6.638859999999999673e+02
6.686090000000000373e+02
6.725249999999999773e+02
6.773250000000000455e+02
6.816109999999999900e+02
6.856059999999999945e+02
6.897010000000000218e+02
6.937849999999999682e+02
6.978179999999999836e+02
7.023720000000000709e+02
7.067240000000000464e+02
7.109220000000000255e+02
7.152810000000000628e+02
7.191380000000000337e+02
7.238340000000000600e+02
7.283229999999999791e+02
7.330080000000000382e+02
7.376250000000000000e+02
7.416119999999999663e+02
7.458580000000000609e+02
