0.000000000000000000e+00
3.689999999999999947e-01
4.080000000000000293e-01
4.609999999999999654e-01
5.090000000000000080e-01
1.669700000000000273e+01
3.531400000000000006e+01
5.080999999999999517e+01
5.764499999999999602e+01
6.538500000000000512e+01
7.217900000000000205e+01
7.953700000000000614e+01
8.699300000000000921e+01
9.412500000000000000e+01
1.014770000000000039e+02
1.086080000000000041e+02
1.156750000000000114e+02
1.225570000000000022e+02
1.297170000000000130e+02
1.372540000000000191e+02
1.440000000000000000e+02
1.517899999999999920e+02
1.600620000000000118e+02
1.677100000000000080e+02
1.749430000000000121e+02
1.825829999999999984e+02
1.894819999999999993e+02
1.964300000000000068e+02
2.033640000000000043e+02
2.102909999999999968e+02
2.177940000000000111e+02
2.246200000000000045e+02
2.320490000000000066e+02
2.394740000000000180e+02
2.464989999999999952e+02
2.540930000000000177e+02
2.615020000000000095e+02
2.685169999999999959e+02
2.754560000000000173e+02
2.824959999999999809e+02
2.899770000000000323e+02
2.971150000000000091e+02
3.040810000000000173e+02
3.108969999999999914e+02
3.184839999999999804e+02
3.271680000000000064e+02
3.347429999999999950e+02
3.431140000000000327e+02
3.510240000000000009e+02
3.590129999999999768e+02
3.666340000000000146e+02
3.744440000000000168e+02
3.824159999999999968e+02
3.905169999999999959e+02
3.982560000000000286e+02
4.068149999999999977e+02
4.152370000000000232e+02
4.235480000000000018e+02
4.313349999999999795e+02
4.392610000000000241e+02
4.468910000000000196e+02
4.545409999999999968e+02
4.621879999999999882e+02
4.699820000000000277e+02
4.779689999999999941e+02
4.861260000000000332e+02
4.939069999999999823e+02
5.018589999999999804e+02
5.099490000000000123e+02
5.178169999999998936e+02
5.261899999999999409e+02
5.339109999999999445e+02
5.410889999999999418e+02
5.483129999999999882e+02
5.557479999999999336e+02
5.637539999999999054e+02
5.715739999999999554e+02
5.790409999999999400e+02
5.864669999999999845e+02
5.933069999999999027e+02
6.001669999999999163e+02
6.073849999999999909e+02
6.148409999999998945e+02
6.217719999999999345e+02
6.297989999999999782e+02
6.371829999999999927e+02
6.448769999999999527e+02
6.529329999999999927e+02
6.599199999999999591e+02
6.678669999999999618e+02
6.760009999999999764e+02
6.833539999999999281e+02
6.911919999999998936e+02
6.989129999999998972e+02
7.060480000000000018e+02
7.143220000000000027e+02
7.223149999999999409e+02
7.307119999999999891e+02
7.389649999999999181e+02
7.472649999999999864e+02
7.552009999999999081e+02
7.635589999999999691e+02
7.717740000000000009e+02
7.792639999999998963e+02
7.870259999999999536e+02
7.939729999999999563e+02
8.010000000000000000e+02
8.086849999999999454e+02
8.157699999999999818e+02
8.228939999999998918e+02
8.308939999999998918e+02
8.386059999999999945e+02
8.456019999999999754e+02
8.525079999999999245e+02
8.592450000000000045e+02
8.665029999999999291e+02
8.741599999999999682e+02
8.812369999999999663e+02
8.886099999999999000e+02
8.962199999999999136e+02
9.040339999999999918e+02
9.117559999999999718e+02
9.196669999999999163e+02
9.264659999999998945e+02
9.332969999999999118e+02
9.409230000000000018e+02
9.479579999999999700e+02
9.549499999999999318e+02
9.626949999999999363e+02
9.697989999999999782e+02
9.777729999999999109e+02
9.848109999999999218e+02
9.918919999999999391e+02
9.989349999999999454e+02
1.006034999999999968e+03
1.013711999999999989e+03
1.021102999999999952e+03
1.029068999999999960e+03
1.036139000000000124e+03
1.043330000000000155e+03
1.050913999999999987e+03
1.058695000000000164e+03
1.066315000000000055e+03
1.073847999999999956e+03
1.081056000000000040e+03
1.087922000000000025e+03
1.095096000000000004e+03
1.103343000000000075e+03
1.110422000000000025e+03
1.117596000000000004e+03
1.125644999999999982e+03
1.132699000000000069e+03
1.140542000000000144e+03
1.147793000000000120e+03
1.154657000000000153e+03
1.161803000000000111e+03
1.169133000000000038e+03
1.176346999999999980e+03
1.183432000000000016e+03
1.190535000000000082e+03
1.197801000000000158e+03
1.205398000000000138e+03
1.213305000000000064e+03
1.220618000000000166e+03
1.228211000000000013e+03
1.235739000000000033e+03
1.243250000000000000e+03
1.250247000000000071e+03
1.258210000000000036e+03
1.265509999999999991e+03
1.273209000000000060e+03
1.280788999999999987e+03
1.288108000000000175e+03
1.295066000000000031e+03
1.302343000000000075e+03
1.309130000000000109e+03
1.317094000000000051e+03
1.324413999999999987e+03
1.332284000000000106e+03
1.340391000000000076e+03
1.347634999999999991e+03
1.355297000000000025e+03
1.362360000000000127e+03
1.369577999999999975e+03
1.376612000000000080e+03
1.383718000000000075e+03
1.391518000000000029e+03
1.399772000000000162e+03
1.407326000000000022e+03
1.414928000000000111e+03
1.422246000000000095e+03
1.428920000000000073e+03
1.436614000000000033e+03
1.444706000000000131e+03
1.451914999999999964e+03
1.459172000000000025e+03
1.467288999999999987e+03
1.474335000000000036e+03
1.482126999999999953e+03
1.489460000000000036e+03
1.497248000000000047e+03
