0.000000000000000000e+00
1.680000000000000104e-01
8.910000000000001252e-01
1.854000000000000092e+00
9.239000000000000767e+00
1.677900000000000347e+01
2.346600000000000108e+01
3.019100000000000250e+01
3.790200000000000102e+01
4.474200000000000443e+01
5.196300000000000097e+01
5.930199999999999960e+01
6.634499999999999886e+01
7.390200000000000102e+01
8.132000000000000739e+01
8.854999999999999716e+01
9.560999999999999943e+01
1.031110000000000042e+02
1.100610000000000070e+02
1.176970000000000027e+02
1.244810000000000088e+02
1.314099999999999966e+02
1.382709999999999866e+02
1.448319999999999936e+02
1.521299999999999955e+02
1.594689999999999941e+02
1.664309999999999832e+02
1.743539999999999850e+02
1.818489999999999895e+02
1.886769999999999925e+02
1.957379999999999995e+02
2.027389999999999759e+02
2.094249999999999829e+02
2.170169999999999959e+02
2.237259999999999991e+02
2.304619999999999891e+02
2.381469999999999914e+02
2.456189999999999998e+02
2.526199999999999761e+02
2.596560000000000059e+02
2.664100000000000250e+02
2.733410000000000082e+02
2.801930000000000405e+02
2.870320000000000391e+02
2.936659999999999968e+02
3.006150000000000091e+02
3.085790000000000077e+02
3.152170000000000414e+02
3.229970000000000141e+02
3.304890000000000327e+02
3.382620000000000005e+02
3.454159999999999968e+02
3.518190000000000168e+02
3.594140000000000441e+02
3.662660000000000196e+02
3.733460000000000036e+02
3.801610000000000014e+02
3.875860000000000127e+02
3.941750000000000114e+02
4.013799999999999955e+02
4.082180000000000177e+02
4.150699999999999932e+02
4.220629999999999882e+02
4.290970000000000368e+02
4.358650000000000091e+02
4.434100000000000250e+02
4.501120000000000232e+02
4.567520000000000095e+02
4.634859999999999900e+02
4.701910000000000309e+02
4.771530000000000200e+02
4.839970000000000141e+02
4.911080000000000041e+02
4.986330000000000382e+02
5.061659999999999968e+02
5.136589999999999918e+02
5.206519999999999300e+02
5.279239999999999782e+02
5.355090000000000146e+02
5.428959999999999582e+02
5.503099999999999454e+02
5.570279999999999063e+02
5.649909999999999854e+02
5.717160000000000082e+02
5.786519999999999300e+02
5.857789999999999964e+02
5.931269999999999527e+02
6.008109999999999218e+02
6.082729999999999109e+02
6.151809999999999263e+02
6.221939999999999600e+02
6.289699999999999136e+02
6.359289999999999736e+02
6.429149999999999636e+02
6.501039999999999281e+02
6.571699999999999591e+02
6.641359999999999673e+02
6.713259999999999081e+02
6.782219999999999800e+02
6.860949999999999136e+02
6.935889999999999418e+02
7.006669999999999163e+02
7.074929999999999382e+02
7.143719999999999573e+02
7.216359999999999673e+02
7.284509999999999081e+02
7.353949999999999818e+02
7.429289999999999736e+02
7.500179999999999154e+02
7.570519999999999072e+02
7.639479999999999791e+02
7.715739999999999554e+02
7.786239999999999100e+02
7.865409999999999400e+02
7.943229999999999791e+02
8.018099999999999454e+02
8.093909999999999627e+02
8.168199999999999363e+02
8.234339999999999691e+02
8.308809999999999718e+02
8.380849999999999227e+02
8.455670000000000073e+02
8.532539999999999054e+02
8.601759999999999309e+02
8.681009999999999991e+02
8.751200000000000045e+02
8.821549999999999727e+02
8.887299999999999045e+02
8.963309999999999036e+02
9.031619999999999209e+02
9.107949999999999591e+02
9.183929999999999154e+02
9.263869999999999436e+02
9.340219999999999345e+02
9.416259999999999764e+02
9.495999999999999091e+02
9.569019999999999300e+02
9.643220000000000027e+02
9.711459999999999582e+02
9.788759999999999764e+02
9.857719999999999345e+02
9.927980000000000018e+02
9.998059999999999263e+02
1.008012999999999920e+03
1.015992999999999938e+03
1.023421999999999912e+03
1.031220000000000027e+03
1.038753000000000156e+03
1.046404999999999973e+03
1.053836999999999989e+03
1.060658000000000129e+03
1.067577999999999975e+03
1.074384999999999991e+03
1.081820000000000164e+03
1.089813000000000102e+03
1.097048999999999978e+03
1.103741999999999962e+03
1.110445000000000164e+03
1.118081000000000131e+03
1.125063000000000102e+03
1.131983000000000175e+03
1.139673999999999978e+03
1.146879000000000133e+03
1.154425000000000182e+03
1.162111000000000104e+03
1.169448000000000093e+03
1.176986000000000104e+03
1.183929000000000087e+03
1.191113000000000056e+03
1.199137000000000171e+03
1.205971999999999980e+03
1.213798000000000002e+03
1.221028000000000020e+03
1.228052000000000135e+03
1.235307000000000016e+03
1.242863000000000056e+03
1.250620000000000118e+03
1.258331000000000131e+03
1.265262000000000171e+03
1.272763000000000147e+03
1.280369000000000142e+03
1.287460000000000036e+03
1.294884999999999991e+03
1.302364000000000033e+03
1.310156000000000176e+03
1.317134999999999991e+03
1.324682999999999993e+03
1.331774000000000115e+03
1.339507000000000062e+03
1.347042000000000144e+03
1.354848000000000184e+03
1.362486000000000104e+03
1.370571000000000140e+03
1.378528000000000020e+03
1.385605000000000018e+03
1.392325000000000045e+03
1.400124000000000024e+03
1.407288000000000011e+03
1.415101000000000113e+03
1.421977000000000089e+03
1.428818999999999960e+03
