0.000000000000000000e+00
3.970000000000000195e-01
3.980000000000000204e-01
3.990000000000000213e-01
4.000000000000000222e-01
4.010000000000000231e-01
4.020000000000000240e-01
4.030000000000000249e-01
4.040000000000000258e-01
4.050000000000000266e-01
4.060000000000000275e-01
4.070000000000000284e-01
4.080000000000000293e-01
4.090000000000000302e-01
4.100000000000000311e-01
4.110000000000000320e-01
4.130000000000000338e-01
4.150000000000000355e-01
4.160000000000000364e-01
4.170000000000000373e-01
4.190000000000000391e-01
4.200000000000000400e-01
4.220000000000000417e-01
4.230000000000000426e-01
4.240000000000000435e-01
4.250000000000000444e-01
4.260000000000000453e-01
4.270000000000000462e-01
4.280000000000000471e-01
4.290000000000000480e-01
4.300000000000000488e-01
4.310000000000000497e-01
4.310000000000000497e-01
4.320000000000000506e-01
4.320000000000000506e-01
4.330000000000000515e-01
4.350000000000000533e-01
4.350000000000000533e-01
4.360000000000000542e-01
4.370000000000000551e-01
4.370000000000000551e-01
4.380000000000000560e-01
4.380000000000000560e-01
4.390000000000000568e-01
4.400000000000000577e-01
4.400000000000000577e-01
4.410000000000000586e-01
4.420000000000000595e-01
4.430000000000000604e-01
4.430000000000000604e-01
4.440000000000000613e-01
4.450000000000000622e-01
4.460000000000000631e-01
4.470000000000000639e-01
1.199800000000000111e+01
2.619399999999999906e+01
3.827900000000000347e+01
5.015700000000000358e+01
6.193999999999999773e+01
7.403300000000000125e+01
8.586199999999999477e+01
9.815600000000000591e+01
1.097189999999999941e+02
1.217139999999999986e+02
1.338069999999999879e+02
1.466270000000000095e+02
1.590080000000000098e+02
1.709209999999999923e+02
1.838319999999999936e+02
1.958149999999999977e+02
2.081210000000000093e+02
2.194319999999999879e+02
2.310099999999999909e+02
2.428249999999999886e+02
2.546939999999999884e+02
2.664049999999999727e+02
2.779279999999999973e+02
2.901549999999999727e+02
3.023380000000000223e+02
3.148940000000000055e+02
3.271320000000000050e+02
3.393509999999999991e+02
3.511870000000000118e+02
3.635690000000000168e+02
3.750819999999999936e+02
3.867269999999999754e+02
3.986820000000000164e+02
4.106349999999999909e+02
4.231139999999999759e+02
4.350779999999999745e+02
4.475199999999999818e+02
4.590529999999999973e+02
4.702370000000000232e+02
4.825539999999999736e+02
4.946170000000000186e+02
5.061499999999999773e+02
5.185729999999999791e+02
5.302249999999999091e+02
5.422139999999999418e+02
5.544359999999999218e+02
5.668409999999998945e+02
5.796199999999998909e+02
5.917209999999998900e+02
6.040149999999999864e+02
6.164709999999998900e+02
6.286129999999999427e+02
6.401439999999998918e+02
6.523849999999999909e+02
6.644119999999999209e+02
6.768069999999999027e+02
6.895819999999999936e+02
7.022029999999999745e+02
7.143969999999999345e+02
7.257469999999999573e+02
7.380589999999999691e+02
7.497249999999999091e+02
7.615739999999999554e+02
7.743149999999999409e+02
7.860899999999999181e+02
7.978409999999998945e+02
8.105239999999998872e+02
8.229119999999999209e+02
8.352609999999999673e+02
8.470089999999999009e+02
8.589559999999999036e+02
8.707239999999999327e+02
8.835189999999998918e+02
8.955279999999999063e+02
9.076429999999999154e+02
9.188359999999998990e+02
9.307699999999999818e+02
9.426909999999999172e+02
9.555229999999999109e+02
9.670749999999999318e+02
9.787509999999999764e+02
9.907839999999999918e+02
1.002508999999999901e+03
1.013952999999999975e+03
1.026320999999999913e+03
1.037698999999999842e+03
1.049825000000000045e+03
1.061644999999999982e+03
1.073521999999999935e+03
1.086204999999999927e+03
1.097625999999999976e+03
1.109288000000000011e+03
1.120906999999999925e+03
1.132110999999999876e+03
1.143893000000000029e+03
1.155685999999999922e+03
1.168366999999999962e+03
1.180519000000000005e+03
1.191685999999999922e+03
1.203387999999999920e+03
1.215717999999999847e+03
1.227333999999999833e+03
1.239048999999999978e+03
1.251798999999999978e+03
1.263576999999999998e+03
1.275227999999999838e+03
1.287113000000000056e+03
1.299440000000000055e+03
1.311608999999999924e+03
1.324442999999999984e+03
1.336675999999999931e+03
1.349102999999999838e+03
1.360798999999999978e+03
1.372816000000000031e+03
1.384328999999999951e+03
1.396496999999999844e+03
1.408964999999999918e+03
1.420865000000000009e+03
1.432896999999999935e+03
1.445486999999999853e+03
1.458417999999999893e+03
1.469979000000000042e+03
1.481445999999999913e+03
1.492983999999999924e+03
1.504134999999999991e+03
1.515453999999999951e+03
1.527028999999999996e+03
1.538900999999999840e+03
1.550732999999999947e+03
1.562211000000000013e+03
1.574335000000000036e+03
1.586028000000000020e+03
1.597282999999999902e+03
1.608951999999999998e+03
1.620904999999999973e+03
1.632117999999999938e+03
1.644313999999999851e+03
1.655687999999999874e+03
1.667058999999999969e+03
1.678999000000000024e+03
1.690624000000000024e+03
1.703580999999999904e+03
1.715115000000000009e+03
1.726571999999999889e+03
1.739051999999999907e+03
1.750476999999999862e+03
1.762096999999999980e+03
