0.000000000000000000e+00
1.189999999999999669e-01
1.339999999999999802e-01
1.499999999999999944e-01
3.519999999999999796e-01
8.759999999999998899e-01
1.127000000000000002e+00
1.369999999999999885e+00
1.893999999999999906e+00
2.137000000000000011e+00
2.465000000000000302e+00
4.791999999999999815e+00
6.826999999999999957e+00
9.057999999999999829e+00
1.120500000000000007e+01
1.327300000000000146e+01
1.562000000000000099e+01
1.778300000000000125e+01
1.981700000000000017e+01
2.246499999999999986e+01
2.450499999999999901e+01
2.711400000000000077e+01
2.957900000000000063e+01
3.225200000000000244e+01
3.430799999999999983e+01
3.665299999999999869e+01
3.897599999999999909e+01
4.144400000000000261e+01
4.410300000000000153e+01
4.658200000000000074e+01
4.873199999999999932e+01
5.078099999999999881e+01
5.326299999999999812e+01
5.541600000000000392e+01
5.780599999999999739e+01
6.003399999999999892e+01
6.225399999999999778e+01
6.433799999999999386e+01
6.693599999999999284e+01
6.905299999999999727e+01
7.120799999999999841e+01
7.350399999999999068e+01
7.613700000000000045e+01
7.884499999999999886e+01
8.132999999999999829e+01
8.346099999999999852e+01
8.571599999999999397e+01
8.838799999999999102e+01
9.046199999999998909e+01
9.287599999999999056e+01
9.496899999999999409e+01
9.747899999999999920e+01
9.961199999999999477e+01
1.018129999999999882e+02
1.045199999999999960e+02
1.070649999999999977e+02
1.094639999999999986e+02
1.121549999999999869e+02
1.148649999999999949e+02
1.174309999999999974e+02
1.196310000000000002e+02
1.217179999999999893e+02
1.241370000000000005e+02
1.267419999999999902e+02
1.292789999999999964e+02
1.318170000000000073e+02
1.339819999999999993e+02
1.364860000000000184e+02
1.386860000000000070e+02
1.408160000000000025e+02
1.435320000000000107e+02
1.458020000000000209e+02
1.479070000000000107e+02
1.501870000000000118e+02
1.528430000000000177e+02
1.550999999999999943e+02
1.572580000000000098e+02
1.598610000000000184e+02
1.624550000000000125e+02
1.649809999999999945e+02
1.676980000000000075e+02
1.699500000000000171e+02
1.722160000000000082e+02
1.746020000000000039e+02
1.771419999999999959e+02
1.797199999999999989e+02
1.824420000000000073e+02
1.847050000000000125e+02
1.867969999999999970e+02
1.891080000000000041e+02
1.913400000000000034e+02
1.940550000000000068e+02
1.965960000000000036e+02
1.989380000000000166e+02
2.014869999999999948e+02
2.041069999999999993e+02
2.062439999999999998e+02
2.083629999999999995e+02
2.108760000000000048e+02
2.135819999999999936e+02
2.162040000000000077e+02
2.183110000000000070e+02
2.208360000000000127e+02
2.231620000000000061e+02
2.256860000000000070e+02
2.282510000000000048e+02
2.307090000000000032e+02
2.334150000000000205e+02
2.355049999999999955e+02
2.376610000000000014e+02
2.402789999999999964e+02
2.424099999999999966e+02
2.449830000000000041e+02
2.472180000000000177e+02
2.493060000000000116e+02
2.515980000000000132e+02
2.543550000000000182e+02
2.570559999999999832e+02
2.598070000000000164e+02
2.620640000000000214e+02
2.648050000000000068e+02
2.669279999999999973e+02
2.692169999999999845e+02
2.717920000000000300e+02
2.744730000000000132e+02
2.765640000000000214e+02
2.791750000000000114e+02
2.817880000000000109e+02
2.840960000000000036e+02
2.867320000000000277e+02
2.890269999999999868e+02
2.917719999999999914e+02
2.943140000000000214e+02
2.966000000000000227e+02
2.988760000000000332e+02
3.011320000000000050e+02
3.034759999999999991e+02
3.062169999999999845e+02
3.086449999999999818e+02
3.113870000000000005e+02
3.135740000000000123e+02
3.161370000000000005e+02
3.182620000000000005e+02
3.204940000000000282e+02
3.226949999999999932e+02
3.249510000000000218e+02
3.271260000000000332e+02
3.293969999999999914e+02
3.316190000000000282e+02
3.341779999999999973e+02
3.363670000000000186e+02
3.385310000000000059e+02
3.407610000000000241e+02
3.435289999999999964e+02
3.456850000000000023e+02
3.480090000000000146e+02
3.502930000000000064e+02
3.525889999999999986e+02
3.548380000000000223e+02
3.576850000000000023e+02
3.603140000000000214e+02
3.629650000000000318e+02
3.656519999999999868e+02
3.679410000000000309e+02
3.701879999999999882e+02
3.729340000000000259e+02
3.751550000000000296e+02
3.778450000000000273e+02
3.799820000000000277e+02
3.822560000000000286e+02
3.847990000000000350e+02
3.871000000000000227e+02
3.898419999999999845e+02
3.925849999999999795e+02
3.947320000000000277e+02
3.969010000000000105e+02
3.990960000000000036e+02
4.015250000000000341e+02
4.040780000000000314e+02
4.067610000000000241e+02
4.089979999999999905e+02
4.111840000000000259e+02
4.137649999999999864e+02
4.160490000000000350e+02
4.187250000000000227e+02
4.212320000000000277e+02
4.235400000000000205e+02
4.261039999999999850e+02
4.282930000000000064e+02
4.304340000000000259e+02
4.329759999999999991e+02
4.353129999999999882e+02
4.379549999999999841e+02
4.402769999999999868e+02
4.426000000000000227e+02
4.446910000000000309e+02
4.469920000000000186e+02
4.492570000000000050e+02
4.514150000000000205e+02
4.537839999999999918e+02
4.560490000000000350e+02
