0.000000000000000000e+00
3.619999999999999885e-01
3.629999999999999893e-01
3.639999999999999902e-01
3.649999999999999911e-01
3.659999999999999920e-01
3.659999999999999920e-01
3.669999999999999929e-01
3.679999999999999938e-01
3.679999999999999938e-01
3.689999999999999947e-01
3.699999999999999956e-01
3.709999999999999964e-01
3.709999999999999964e-01
3.719999999999999973e-01
3.729999999999999982e-01
3.729999999999999982e-01
3.739999999999999991e-01
3.750000000000000000e-01
3.750000000000000000e-01
3.760000000000000009e-01
3.770000000000000018e-01
3.770000000000000018e-01
3.790000000000000036e-01
3.790000000000000036e-01
3.800000000000000044e-01
3.810000000000000053e-01
3.810000000000000053e-01
3.820000000000000062e-01
3.830000000000000071e-01
3.840000000000000080e-01
3.850000000000000089e-01
3.860000000000000098e-01
3.870000000000000107e-01
3.890000000000000124e-01
3.900000000000000133e-01
3.900000000000000133e-01
3.910000000000000142e-01
3.920000000000000151e-01
3.930000000000000160e-01
3.930000000000000160e-01
3.940000000000000169e-01
3.950000000000000178e-01
3.960000000000000187e-01
3.960000000000000187e-01
3.970000000000000195e-01
3.970000000000000195e-01
3.980000000000000204e-01
3.990000000000000213e-01
4.000000000000000222e-01
4.010000000000000231e-01
4.010000000000000231e-01
4.020000000000000240e-01
4.020000000000000240e-01
4.030000000000000249e-01
4.030000000000000249e-01
4.040000000000000258e-01
4.050000000000000266e-01
8.362000000000000099e+00
1.861700000000000088e+01
2.711799999999999855e+01
3.608100000000000307e+01
4.443900000000000006e+01
5.347300000000000608e+01
6.176400000000000290e+01
7.061199999999999477e+01
7.918899999999999295e+01
8.743800000000000239e+01
9.621299999999999386e+01
1.053059999999999974e+02
1.140879999999999939e+02
1.238709999999999951e+02
1.336040000000000134e+02
1.427300000000000182e+02
1.508770000000000095e+02
1.607830000000000155e+02
1.691250000000000000e+02
1.777969999999999970e+02
1.862379999999999995e+02
1.946590000000000202e+02
2.028050000000000068e+02
2.113420000000000130e+02
2.205080000000000098e+02
2.290829999999999984e+02
2.385690000000000168e+02
2.469279999999999973e+02
2.559269999999999925e+02
2.643410000000000082e+02
2.728820000000000050e+02
2.819540000000000077e+02
2.904499999999999886e+02
2.987570000000000050e+02
3.070749999999999886e+02
3.162379999999999995e+02
3.248069999999999595e+02
3.330550000000000068e+02
3.412999999999999545e+02
3.503059999999999832e+02
3.583969999999999914e+02
3.667640000000000100e+02
3.761019999999999754e+02
3.857719999999999914e+02
3.952450000000000045e+02
4.038789999999999623e+02
4.127779999999999632e+02
4.212029999999999745e+02
4.299019999999999868e+02
4.385389999999999873e+02
4.470299999999999727e+02
4.553759999999999764e+02
4.642819999999999823e+02
4.735949999999999704e+02
4.821850000000000023e+02
4.909289999999999736e+02
4.999219999999999686e+02
5.094869999999999663e+02
5.182769999999999300e+02
5.269080000000000155e+02
5.361910000000000309e+02
5.448769999999999527e+02
5.539339999999999691e+02
5.619539999999999509e+02
5.705029999999999291e+02
5.791269999999999527e+02
5.874979999999999336e+02
5.961000000000000227e+02
6.048460000000000036e+02
6.138709999999999809e+02
6.224669999999999845e+02
6.303210000000000264e+02
6.394929999999999382e+02
6.479329999999999927e+02
6.572010000000000218e+02
6.661079999999999472e+02
6.750929999999999609e+02
6.834120000000000346e+02
6.918790000000000191e+02
7.008859999999999673e+02
7.094220000000000255e+02
7.174080000000000155e+02
7.258199999999999363e+02
7.348049999999999500e+02
7.427129999999999654e+02
7.512450000000000045e+02
7.593509999999999991e+02
7.679819999999999709e+02
7.770420000000000300e+02
7.859569999999999936e+02
7.953579999999999472e+02
8.047359999999999900e+02
8.134099999999999682e+02
8.219180000000000064e+02
8.319900000000000091e+02
8.415059999999999718e+02
8.505439999999999827e+02
8.587179999999999609e+02
8.680109999999999673e+02
8.765910000000000082e+02
8.848329999999999700e+02
8.931009999999999991e+02
9.020960000000000036e+02
9.112259999999999991e+02
9.196380000000000337e+02
9.286079999999999472e+02
9.378619999999999663e+02
9.470559999999999263e+02
9.558020000000000209e+02
9.641829999999999927e+02
9.720499999999999545e+02
9.807500000000000000e+02
9.890489999999999782e+02
9.977949999999999591e+02
1.006379999999999995e+03
1.014826000000000022e+03
1.023088999999999942e+03
1.032079999999999927e+03
1.041452999999999975e+03
1.050847999999999956e+03
1.059730000000000018e+03
1.069320999999999913e+03
1.078941000000000031e+03
1.087950000000000045e+03
1.097252999999999929e+03
1.106883000000000038e+03
1.115480000000000018e+03
1.124138999999999896e+03
1.133308999999999969e+03
1.142134000000000015e+03
1.150849999999999909e+03
1.159570999999999913e+03
1.168237000000000080e+03
1.176090999999999894e+03
1.184560999999999922e+03
1.193070999999999913e+03
1.201705999999999904e+03
1.209727000000000089e+03
1.218737000000000080e+03
1.227009999999999991e+03
1.235048000000000002e+03
1.243950000000000045e+03
1.252014999999999873e+03
