0.000000000000000000e+00
1.270000000000000018e-01
1.420000000000000151e-01
1.540000000000000258e-01
1.620000000000000329e-01
1.739999999999999880e-01
1.809999999999999942e-01
1.960000000000000075e-01
2.120000000000000218e-01
2.279999999999999805e-01
2.349999999999999867e-01
2.510000000000000009e-01
2.660000000000000142e-01
2.830000000000000293e-01
2.899999999999999800e-01
5.689000000000000057e+00
1.172199999999999953e+01
1.730799999999999983e+01
2.312500000000000000e+01
2.910600000000000165e+01
3.585600000000000165e+01
4.377300000000000324e+01
5.105499999999999972e+01
5.882600000000000051e+01
6.730999999999998806e+01
7.486999999999999034e+01
8.304299999999999216e+01
9.029599999999999227e+01
9.837500000000000000e+01
1.060319999999999965e+02
1.132599999999999909e+02
1.211999999999999886e+02
1.292099999999999795e+02
1.372930000000000064e+02
1.447199999999999989e+02
1.523919999999999959e+02
1.604590000000000032e+02
1.677039999999999793e+02
1.754129999999999825e+02
1.833750000000000000e+02
1.915729999999999791e+02
1.992889999999999873e+02
2.065679999999999836e+02
2.149979999999999905e+02
2.228760000000000048e+02
2.305159999999999911e+02
2.376389999999999816e+02
2.457909999999999968e+02
2.541719999999999970e+02
2.618519999999999754e+02
2.697090000000000032e+02
2.780299999999999727e+02
2.857609999999999673e+02
2.937289999999999850e+02
3.023979999999999677e+02
3.097259999999999991e+02
3.180009999999999764e+02
3.255199999999999818e+02
3.330389999999999873e+02
3.411759999999999877e+02
3.488399999999999750e+02
3.570360000000000014e+02
3.651730000000000018e+02
3.736340000000000146e+02
3.812799999999999727e+02
3.889150000000000205e+02
3.965600000000000023e+02
4.039689999999999941e+02
4.112710000000000150e+02
4.192860000000000014e+02
4.269769999999999754e+02
4.344139999999999873e+02
4.418879999999999768e+02
4.495779999999999745e+02
4.570049999999999955e+02
4.652839999999999918e+02
4.734800000000000182e+02
4.818379999999999654e+02
4.892959999999999923e+02
4.975310000000000059e+02
5.051189999999999714e+02
5.126610000000000582e+02
5.209820000000000846e+02
5.289300000000000637e+02
5.369370000000000118e+02
5.446500000000000909e+02
5.530110000000000809e+02
5.605970000000000937e+02
5.691270000000000664e+02
5.778430000000000746e+02
5.861600000000000819e+02
5.937380000000000564e+02
6.017770000000000437e+02
6.099820000000000846e+02
6.182600000000001046e+02
6.261250000000000000e+02
6.338890000000000100e+02
6.418020000000000209e+02
6.500049999999999955e+02
6.579250000000000682e+02
6.662410000000000991e+02
6.740400000000000773e+02
6.820750000000000455e+02
6.907040000000000646e+02
6.990020000000000664e+02
7.068140000000000782e+02
7.147970000000000255e+02
7.226080000000000609e+02
7.302040000000000646e+02
7.382410000000000991e+02
7.464170000000000300e+02
7.540510000000000446e+02
7.615880000000000791e+02
7.693180000000000973e+02
7.772630000000000337e+02
7.851310000000000855e+02
7.934960000000000946e+02
8.016650000000000773e+02
8.095460000000000491e+02
8.172510000000000900e+02
8.258840000000000146e+02
8.339750000000000227e+02
8.421530000000000200e+02
8.504330000000001064e+02
8.584890000000000327e+02
8.667640000000000100e+02
8.746150000000000091e+02
8.832540000000000191e+02
8.909590000000000600e+02
8.989530000000000882e+02
9.071840000000000828e+02
9.151390000000000100e+02
9.235260000000000673e+02
9.319030000000000200e+02
9.396110000000001037e+02
9.476890000000000782e+02
9.560760000000000218e+02
9.636620000000000346e+02
9.717710000000000719e+02
9.802580000000000382e+02
9.880890000000000555e+02
9.957850000000000819e+02
1.003248000000000047e+03
1.011378000000000043e+03
1.019620000000000005e+03
1.027673999999999978e+03
1.035396999999999935e+03
1.042775999999999840e+03
1.050260999999999967e+03
1.058760999999999967e+03
1.066638999999999896e+03
1.074456999999999880e+03
1.082958999999999833e+03
1.091006999999999834e+03
1.099402000000000044e+03
1.107008000000000038e+03
1.114495999999999867e+03
1.122125999999999976e+03
1.130668999999999869e+03
1.139830999999999904e+03
1.148580999999999904e+03
1.157489000000000033e+03
1.166588999999999942e+03
1.175073999999999842e+03
1.183482999999999947e+03
1.192182999999999993e+03
1.201067999999999984e+03
1.210406999999999925e+03
1.219399999999999864e+03
1.227814999999999827e+03
1.236586000000000013e+03
1.244841999999999871e+03
1.253075000000000045e+03
1.261576000000000022e+03
1.269649999999999864e+03
1.278600999999999885e+03
1.287340999999999894e+03
1.296233999999999924e+03
1.304499000000000024e+03
1.313610999999999876e+03
1.322424999999999955e+03
1.332030999999999949e+03
1.340951000000000022e+03
1.349380999999999858e+03
1.358935999999999922e+03
1.367924999999999955e+03
1.376086000000000013e+03
1.385269000000000005e+03
1.394057999999999993e+03
1.403208999999999833e+03
1.412221999999999980e+03
1.421599999999999909e+03
1.430932000000000016e+03
1.439625000000000000e+03
1.448123000000000047e+03
1.457172000000000025e+03
1.466783999999999878e+03
1.475135999999999967e+03
1.482798999999999978e+03
1.492082999999999856e+03
1.500119999999999891e+03
