0.000000000000000000e+00
1.700000000000000122e-01
1.720000000000000140e-01
1.720000000000000140e-01
1.730000000000000149e-01
1.740000000000000158e-01
1.760000000000000175e-01
1.769999999999999629e-01
1.779999999999999638e-01
1.789999999999999647e-01
1.799999999999999656e-01
1.799999999999999656e-01
1.799999999999999656e-01
1.809999999999999665e-01
1.809999999999999665e-01
1.819999999999999674e-01
1.829999999999999682e-01
1.839999999999999691e-01
1.849999999999999700e-01
1.849999999999999700e-01
1.859999999999999709e-01
1.869999999999999718e-01
1.879999999999999727e-01
1.879999999999999727e-01
1.889999999999999736e-01
1.899999999999999745e-01
1.919999999999999762e-01
1.919999999999999762e-01
1.939999999999999780e-01
1.949999999999999789e-01
1.959999999999999798e-01
1.969999999999999807e-01
1.979999999999999816e-01
1.989999999999999825e-01
1.999999999999999833e-01
2.019999999999999851e-01
2.039999999999999869e-01
2.049999999999999878e-01
2.059999999999999887e-01
2.059999999999999887e-01
1.191000000000000014e+01
2.023900000000000077e+01
2.760899999999999821e+01
3.484200000000000585e+01
4.232900000000000063e+01
4.944200000000000017e+01
5.711200000000000188e+01
6.427199999999999136e+01
7.177599999999999625e+01
7.899799999999999045e+01
8.607899999999999352e+01
9.324899999999999523e+01
1.011419999999999959e+02
1.084249999999999972e+02
1.156520000000000010e+02
1.230240000000000009e+02
1.306420000000000243e+02
1.375860000000000127e+02
1.446650000000000205e+02
1.524870000000000232e+02
1.597680000000000007e+02
1.669620000000000175e+02
1.742840000000000202e+02
1.819710000000000036e+02
1.893360000000000127e+02
1.970949999999999989e+02
2.049819999999999993e+02
2.123650000000000091e+02
2.197909999999999968e+02
2.269910000000000139e+02
2.345260000000000105e+02
2.417610000000000241e+02
2.489630000000000223e+02
2.563369999999999891e+02
2.640079999999999814e+02
2.715089999999999577e+02
2.783559999999999945e+02
2.859249999999999545e+02
2.937219999999999800e+02
3.008909999999999627e+02
3.085929999999999609e+02
3.164590000000000032e+02
3.237810000000000059e+02
3.307559999999999718e+02
3.376929999999999836e+02
3.447489999999999668e+02
3.523700000000000045e+02
3.593530000000000086e+02
3.662860000000000014e+02
3.738389999999999986e+02
3.810289999999999964e+02
3.883959999999999582e+02
3.962129999999999654e+02
4.032699999999999818e+02
4.107229999999999563e+02
4.179399999999999977e+02
4.254809999999999945e+02
4.330459999999999923e+02
4.408509999999999991e+02
4.479669999999999845e+02
4.554819999999999709e+02
4.625529999999999973e+02
4.695790000000000077e+02
4.772090000000000032e+02
4.843629999999999995e+02
4.920179999999999723e+02
4.994879999999999995e+02
5.070439999999999827e+02
5.145489999999999782e+02
5.223450000000000273e+02
5.305000000000000000e+02
5.378139999999999645e+02
5.452649999999999864e+02
5.523500000000000227e+02
5.597269999999999754e+02
5.677169999999999845e+02
5.746949999999999363e+02
5.823339999999999463e+02
5.895910000000000082e+02
5.972799999999999727e+02
6.051050000000000182e+02
6.127179999999999609e+02
6.201689999999999827e+02
6.279410000000000309e+02
6.357830000000000155e+02
6.432939999999999827e+02
6.509389999999999645e+02
6.588149999999999409e+02
6.666340000000000146e+02
6.744589999999999463e+02
6.817269999999999754e+02
6.887419999999999618e+02
6.965219999999999345e+02
7.035389999999999873e+02
7.109220000000000255e+02
7.185430000000000064e+02
7.256079999999999472e+02
7.332079999999999700e+02
7.405900000000000318e+02
7.477340000000000373e+02
7.550470000000000255e+02
7.623379999999999654e+02
7.697069999999999936e+02
7.770739999999999554e+02
7.843700000000000045e+02
7.919529999999999745e+02
7.990819999999999936e+02
8.064339999999999691e+02
8.137730000000000246e+02
8.208220000000000027e+02
8.284969999999999573e+02
8.358629999999999427e+02
8.434569999999999936e+02
8.508740000000000236e+02
8.583529999999999518e+02
8.653949999999999818e+02
8.727350000000000136e+02
8.796999999999999318e+02
8.873360000000000127e+02
8.946829999999999927e+02
9.025720000000000027e+02
9.101219999999999573e+02
9.178469999999999800e+02
9.249619999999999891e+02
9.320889999999999418e+02
9.396109999999999900e+02
9.471050000000000182e+02
9.550549999999999500e+02
9.625489999999999782e+02
9.698249999999999318e+02
9.776029999999999518e+02
9.848509999999999991e+02
9.924099999999999682e+02
9.999470000000000027e+02
1.007574999999999932e+03
1.015228999999999928e+03
1.023062999999999988e+03
1.030254999999999882e+03
1.037208000000000084e+03
1.044874000000000024e+03
1.052836000000000013e+03
1.060035000000000082e+03
1.067494999999999891e+03
1.074996000000000095e+03
1.082552999999999884e+03
1.089773999999999887e+03
1.096954999999999927e+03
1.104083000000000084e+03
1.111346000000000004e+03
1.118516000000000076e+03
1.125950000000000045e+03
1.133182000000000016e+03
1.140520999999999958e+03
1.147980999999999995e+03
1.155269999999999982e+03
1.163037000000000035e+03
1.170841999999999871e+03
1.178372000000000071e+03
1.186164999999999964e+03
1.193330999999999904e+03
1.201027000000000044e+03
