0.000000000000000000e+00
1.410000000000000142e-01
1.420000000000000151e-01
1.420000000000000151e-01
1.430000000000000160e-01
1.440000000000000169e-01
1.450000000000000178e-01
1.460000000000000187e-01
1.470000000000000195e-01
1.480000000000000204e-01
1.480000000000000204e-01
1.490000000000000213e-01
1.500000000000000222e-01
1.510000000000000231e-01
1.510000000000000231e-01
8.011999999999998678e+00
1.677299999999999969e+01
2.493299999999999983e+01
3.381799999999999784e+01
4.187099999999999511e+01
5.067199999999999704e+01
5.995299999999999585e+01
6.824699999999999989e+01
7.701700000000001012e+01
8.608299999999999841e+01
9.470300000000000296e+01
1.039330000000000069e+02
1.124489999999999981e+02
1.216430000000000007e+02
1.299939999999999998e+02
1.386020000000000039e+02
1.473189999999999884e+02
1.563409999999999798e+02
1.653309999999999889e+02
1.734539999999999793e+02
1.817969999999999970e+02
1.905529999999999973e+02
1.988089999999999975e+02
2.079089999999999918e+02
2.167649999999999864e+02
2.254899999999999807e+02
2.337069999999999936e+02
2.419919999999999902e+02
2.512689999999999770e+02
2.599549999999999841e+02
2.685819999999999936e+02
2.771419999999999959e+02
2.864850000000000136e+02
2.951820000000000164e+02
3.036209999999999809e+02
3.122609999999999673e+02
3.213720000000000141e+02
3.299789999999999850e+02
3.387549999999999955e+02
3.481239999999999668e+02
3.568419999999999845e+02
3.657939999999999827e+02
3.745059999999999718e+02
3.830159999999999627e+02
3.918929999999999723e+02
4.003469999999999800e+02
4.095419999999999732e+02
4.184800000000000182e+02
4.279019999999999868e+02
4.367649999999999864e+02
4.451839999999999691e+02
4.539039999999999964e+02
4.624809999999999945e+02
4.711739999999999782e+02
4.803919999999999959e+02
4.890480000000000018e+02
4.974209999999999923e+02
5.058159999999999741e+02
5.145819999999999936e+02
5.231110000000001037e+02
5.325080000000000382e+02
5.415960000000000036e+02
5.510860000000000127e+02
5.592120000000001028e+02
5.684060000000000628e+02
5.765260000000000673e+02
5.849460000000000264e+02
5.941600000000000819e+02
6.035150000000001000e+02
6.122760000000000673e+02
6.208630000000000564e+02
6.301500000000000909e+02
6.388720000000000709e+02
6.483860000000000809e+02
6.576820000000000164e+02
6.672400000000000091e+02
6.759110000000000582e+02
6.854550000000000409e+02
6.946910000000000309e+02
7.041230000000000473e+02
7.126130000000000564e+02
7.207230000000000700e+02
7.297200000000000273e+02
7.382520000000000664e+02
7.467450000000000045e+02
7.558870000000000573e+02
7.644740000000000464e+02
7.737309999999999945e+02
7.830230000000000246e+02
7.921070000000000846e+02
8.005769999999999982e+02
8.093140000000000782e+02
8.180120000000000573e+02
8.264390000000000782e+02
8.347470000000000709e+02
8.437630000000000337e+02
8.522250000000000227e+02
8.606630000000000109e+02
8.692160000000000082e+02
8.775180000000000291e+02
8.855740000000000691e+02
8.945780000000000882e+02
9.032480000000000473e+02
9.122440000000000282e+02
9.210040000000000191e+02
9.302320000000000846e+02
9.393910000000000764e+02
9.483720000000000709e+02
9.576810000000000400e+02
9.670390000000001010e+02
9.764900000000000091e+02
9.851920000000000073e+02
9.948980000000000246e+02
1.003391000000000076e+03
1.011828000000000088e+03
1.021147000000000048e+03
1.030027000000000044e+03
1.039094000000000051e+03
1.048724000000000160e+03
1.057292000000000144e+03
1.066236000000000104e+03
1.075726000000000113e+03
1.084237000000000080e+03
1.093019999999999982e+03
1.101846999999999980e+03
1.110732999999999947e+03
1.119497000000000071e+03
1.127828999999999951e+03
1.136428000000000111e+03
1.145269000000000005e+03
1.154176000000000158e+03
1.162888000000000147e+03
1.171240999999999985e+03
1.179619000000000142e+03
1.189033000000000129e+03
1.197747000000000071e+03
1.206307000000000016e+03
1.215453999999999951e+03
1.224417000000000144e+03
1.233042000000000144e+03
1.241712999999999965e+03
1.250104000000000042e+03
1.258519999999999982e+03
1.266932000000000016e+03
1.276064000000000078e+03
1.284807000000000016e+03
1.293229000000000042e+03
1.302384000000000015e+03
1.311073000000000093e+03
1.320044000000000096e+03
1.328919000000000096e+03
1.337907000000000153e+03
1.347201999999999998e+03
1.356681000000000040e+03
1.365509000000000015e+03
1.374603000000000065e+03
1.383302000000000135e+03
1.391771999999999935e+03
1.400574000000000069e+03
1.409163999999999987e+03
1.418213999999999942e+03
1.426882000000000062e+03
1.435318999999999960e+03
1.443835000000000036e+03
1.453080000000000155e+03
1.461803000000000111e+03
1.471376999999999953e+03
1.480811000000000149e+03
1.489431000000000040e+03
1.498651000000000067e+03
1.508076000000000022e+03
1.516525000000000091e+03
1.525809999999999945e+03
1.534899000000000115e+03
1.543907000000000153e+03
1.553163000000000011e+03
1.561905999999999949e+03
1.571173000000000002e+03
1.579643000000000029e+03
1.587981999999999971e+03
1.597230000000000018e+03
1.606841000000000122e+03
1.615183999999999969e+03
1.623621000000000095e+03
1.632729000000000042e+03
1.641360000000000127e+03
