0.000000000000000000e+00
1.480000000000000204e-01
1.490000000000000213e-01
1.500000000000000222e-01
1.520000000000000240e-01
1.530000000000000249e-01
1.540000000000000258e-01
1.550000000000000266e-01
1.560000000000000275e-01
1.570000000000000284e-01
1.590000000000000302e-01
1.590000000000000302e-01
1.600000000000000311e-01
1.610000000000000320e-01
1.620000000000000329e-01
1.630000000000000338e-01
1.640000000000000346e-01
1.650000000000000355e-01
1.650000000000000355e-01
1.660000000000000364e-01
1.670000000000000373e-01
1.670000000000000373e-01
1.680000000000000382e-01
1.680000000000000382e-01
1.690000000000000391e-01
1.699999999999999845e-01
1.699999999999999845e-01
1.709999999999999853e-01
1.709999999999999853e-01
1.719999999999999862e-01
1.729999999999999871e-01
1.729999999999999871e-01
1.739999999999999880e-01
1.749999999999999889e-01
1.749999999999999889e-01
1.759999999999999898e-01
1.759999999999999898e-01
1.769999999999999907e-01
1.779999999999999916e-01
1.789999999999999925e-01
1.799999999999999933e-01
1.799999999999999933e-01
1.819999999999999951e-01
1.829999999999999960e-01
2.681999999999999940e+00
5.835999999999999410e+00
8.440000000000001279e+00
1.103300000000000125e+01
1.382399999999999984e+01
1.675799999999999912e+01
1.974300000000000210e+01
2.266700000000000159e+01
2.559400000000000119e+01
2.850499999999999901e+01
3.104899999999999949e+01
3.395799999999999841e+01
3.676800000000000068e+01
3.982900000000000063e+01
4.238100000000000023e+01
4.532200000000000273e+01
4.799099999999999966e+01
5.069500000000000028e+01
5.345100000000000051e+01
5.607200000000000273e+01
5.916400000000000148e+01
6.178099999999999881e+01
6.483699999999998909e+01
6.763400000000000034e+01
7.034699999999999420e+01
7.328499999999999659e+01
7.588299999999999557e+01
7.878099999999999170e+01
8.134699999999999420e+01
8.442599999999998772e+01
8.705599999999999739e+01
8.958099999999998886e+01
9.216899999999999693e+01
9.509799999999999898e+01
9.775399999999999068e+01
1.006709999999999923e+02
1.032439999999999998e+02
1.062979999999999876e+02
1.088689999999999998e+02
1.119299999999999926e+02
1.148439999999999941e+02
1.180019999999999953e+02
1.210429999999999922e+02
1.237399999999999949e+02
1.268289999999999935e+02
1.295190000000000055e+02
1.321129999999999995e+02
1.347990000000000066e+02
1.378239999999999839e+02
1.408739999999999952e+02
1.435550000000000068e+02
1.461569999999999823e+02
1.492399999999999807e+02
1.522049999999999841e+02
1.550319999999999823e+02
1.575759999999999934e+02
1.600939999999999941e+02
1.627330000000000041e+02
1.657539999999999907e+02
1.690420000000000016e+02
1.720619999999999834e+02
1.747709999999999866e+02
1.776049999999999898e+02
1.802699999999999818e+02
1.831869999999999834e+02
1.859170000000000016e+02
1.891569999999999823e+02
1.919369999999999834e+02
1.944329999999999927e+02
1.973509999999999991e+02
2.002299999999999898e+02
2.027839999999999918e+02
2.053609999999999900e+02
2.084799999999999898e+02
2.109779999999999802e+02
2.140789999999999793e+02
2.172359999999999900e+02
2.197709999999999866e+02
2.228230000000000075e+02
2.258129999999999882e+02
2.284779999999999802e+02
2.310969999999999800e+02
2.341209999999999809e+02
2.371109999999999900e+02
2.398909999999999911e+02
2.429170000000000016e+02
2.460190000000000055e+02
2.489459999999999980e+02
2.517819999999999823e+02
2.546639999999999873e+02
2.572290000000000418e+02
2.598620000000000232e+02
2.629120000000000346e+02
2.654080000000000155e+02
2.679140000000000441e+02
2.710769999999999982e+02
2.739380000000000450e+02
2.769370000000000118e+02
2.799130000000000109e+02
2.825360000000000014e+02
2.852760000000000105e+02
2.878509999999999991e+02
2.905900000000000318e+02
2.931940000000000168e+02
2.957080000000000268e+02
2.987030000000000314e+02
3.012379999999999995e+02
3.038149999999999977e+02
3.068260000000000218e+02
3.093540000000000418e+02
3.120819999999999936e+02
3.145780000000000314e+02
3.175169999999999959e+02
3.204800000000000182e+02
3.234560000000000173e+02
3.265000000000000000e+02
3.293960000000000150e+02
3.319000000000000341e+02
3.343850000000000477e+02
3.368540000000000418e+02
3.397250000000000227e+02
3.427170000000000414e+02
3.456670000000000300e+02
3.487120000000000459e+02
3.516620000000000346e+02
3.543319999999999936e+02
3.568670000000000186e+02
3.596350000000000477e+02
3.626100000000000136e+02
3.652740000000000009e+02
3.678480000000000132e+02
3.703480000000000132e+02
3.731030000000000086e+02
3.757810000000000059e+02
3.782810000000000059e+02
3.813370000000000459e+02
3.838040000000000305e+02
3.869510000000000218e+02
3.901750000000000114e+02
3.928050000000000068e+02
3.961640000000000441e+02
3.995570000000000164e+02
4.021290000000000191e+02
4.047560000000000286e+02
4.073220000000000027e+02
4.101340000000000146e+02
4.127379999999999995e+02
4.153110000000000355e+02
4.182370000000000232e+02
4.210670000000000073e+02
4.239120000000000346e+02
4.265610000000000355e+02
4.296560000000000059e+02
4.326270000000000095e+02
4.358610000000000468e+02
4.387259999999999991e+02
4.422259999999999991e+02
