0.000000000000000000e+00
9.109999999999999210e-01
8.320000000000000284e+00
1.568900000000000006e+01
2.379899999999999949e+01
3.105300000000000082e+01
3.926300000000000523e+01
4.693900000000000006e+01
5.407300000000000040e+01
6.108800000000000097e+01
6.815800000000000125e+01
7.592999999999999261e+01
8.289300000000000068e+01
9.072699999999998965e+01
9.844899999999999807e+01
1.063349999999999937e+02
1.135979999999999990e+02
1.211069999999999993e+02
1.286759999999999877e+02
1.364279999999999973e+02
1.438530000000000086e+02
1.511109999999999900e+02
1.582839999999999918e+02
1.664600000000000080e+02
1.743880000000000052e+02
1.827109999999999843e+02
1.902549999999999955e+02
1.981529999999999916e+02
2.059199999999999875e+02
2.126179999999999950e+02
2.206289999999999907e+02
2.281059999999999945e+02
2.354439999999999884e+02
2.429449999999999932e+02
2.507369999999999948e+02
2.580200000000000387e+02
2.654690000000000509e+02
2.727760000000000105e+02
2.806590000000000487e+02
2.885230000000000246e+02
2.958770000000000095e+02
3.035690000000000168e+02
3.108130000000000450e+02
3.189030000000000200e+02
3.263080000000000496e+02
3.335570000000000164e+02
3.406539999999999964e+02
3.479350000000000023e+02
3.545850000000000364e+02
3.618900000000000432e+02
3.692139999999999986e+02
3.765120000000000005e+02
3.835760000000000218e+02
3.919440000000000168e+02
3.997280000000000086e+02
4.072190000000000509e+02
4.153560000000000514e+02
4.228269999999999982e+02
4.300889999999999986e+02
4.368260000000000218e+02
4.443350000000000364e+02
4.520030000000000427e+02
4.594159999999999968e+02
4.671830000000000496e+02
4.741150000000000091e+02
4.819590000000000032e+02
4.895860000000000127e+02
4.971050000000000182e+02
5.057610000000000241e+02
5.131800000000000637e+02
5.202040000000000646e+02
5.283709999999999809e+02
5.363380000000000791e+02
5.441520000000000437e+02
5.515840000000000600e+02
5.598050000000000637e+02
5.670270000000000437e+02
5.741639999999999873e+02
5.813250000000000455e+02
5.886779999999999973e+02
5.953369999999999891e+02
6.022330000000000609e+02
6.100240000000000009e+02
6.182780000000000200e+02
6.262420000000000755e+02
6.336680000000000064e+02
6.417420000000000755e+02
6.492400000000000091e+02
6.569070000000000391e+02
6.649080000000000155e+02
6.718740000000000236e+02
6.786360000000000809e+02
6.857420000000000755e+02
6.934410000000000309e+02
7.004120000000000346e+02
7.079370000000000118e+02
7.156399999999999864e+02
7.230260000000000673e+02
7.309039999999999964e+02
7.385489999999999782e+02
7.464450000000000500e+02
7.548630000000000564e+02
7.633150000000000546e+02
7.715650000000000546e+02
7.805090000000000146e+02
7.884800000000000182e+02
7.963329999999999700e+02
8.038590000000000373e+02
8.120110000000000809e+02
8.197450000000000045e+02
8.273460000000000036e+02
8.356030000000000655e+02
8.428960000000000719e+02
8.504410000000000309e+02
8.578870000000000573e+02
8.664560000000000173e+02
8.739020000000000437e+02
8.813369999999999891e+02
8.889710000000000036e+02
8.964320000000000164e+02
9.040190000000000055e+02
9.115480000000000018e+02
9.205190000000000055e+02
9.284350000000000591e+02
9.374669999999999845e+02
9.454840000000000373e+02
9.532250000000000227e+02
9.612960000000000491e+02
9.694740000000000464e+02
9.769400000000000546e+02
9.866130000000000564e+02
9.941900000000000546e+02
1.002175000000000068e+03
1.009898000000000025e+03
1.017802999999999997e+03
1.024934999999999945e+03
1.032548000000000002e+03
1.041445999999999913e+03
1.048740000000000009e+03
1.055650999999999840e+03
1.063096000000000004e+03
1.070683999999999969e+03
1.078244999999999891e+03
1.087007999999999811e+03
1.094745999999999867e+03
1.103875999999999976e+03
1.112437999999999874e+03
1.120180999999999813e+03
1.128522999999999911e+03
1.136812999999999874e+03
1.144557000000000016e+03
1.152115000000000009e+03
1.158166999999999916e+03
1.163420999999999822e+03
1.169841999999999871e+03
1.175406999999999925e+03
1.182603999999999814e+03
1.190740999999999985e+03
1.196788000000000011e+03
1.204674999999999955e+03
1.212455999999999904e+03
1.220485999999999876e+03
1.229784999999999854e+03
1.239205999999999904e+03
1.247274999999999864e+03
1.255101999999999862e+03
1.262519999999999982e+03
1.269689999999999827e+03
1.277127999999999929e+03
1.285067999999999984e+03
1.292496999999999844e+03
1.300567999999999984e+03
1.308935999999999922e+03
1.316889999999999873e+03
1.324369999999999891e+03
1.332079999999999927e+03
1.339767999999999802e+03
1.347759000000000015e+03
1.355142999999999802e+03
1.362704999999999927e+03
1.370497999999999820e+03
1.377740999999999985e+03
1.384682000000000016e+03
1.392101999999999862e+03
1.399481999999999971e+03
1.406819999999999936e+03
1.415159999999999854e+03
1.423017999999999802e+03
1.430317999999999984e+03
1.438390999999999849e+03
1.446649999999999864e+03
1.454176999999999907e+03
1.461656999999999925e+03
1.469478999999999814e+03
1.477038999999999987e+03
1.484279999999999973e+03
1.492463999999999942e+03
1.499656999999999925e+03
1.506786999999999807e+03
1.514273999999999887e+03
1.521750999999999976e+03
