0.000000000000000000e+00
7.299999999999998157e-02
3.140000000000000568e-01
6.540000000000000258e-01
1.402000000000000135e+00
1.804999999999999938e+00
2.955999999999999961e+00
8.880000000000000782e+00
1.489000000000000057e+01
2.074800000000000111e+01
2.673900000000000077e+01
3.250699999999999790e+01
3.854799999999999471e+01
4.381400000000000006e+01
4.955999999999999517e+01
5.520599999999999596e+01
6.045999999999999375e+01
6.643800000000000239e+01
7.187999999999999545e+01
7.764600000000000080e+01
8.373899999999999011e+01
8.971099999999999852e+01
9.541599999999999682e+01
1.005420000000000016e+02
1.061970000000000027e+02
1.121599999999999966e+02
1.176940000000000026e+02
1.238509999999999991e+02
1.294920000000000186e+02
1.350510000000000161e+02
1.407490000000000236e+02
1.463689999999999998e+02
1.527310000000000230e+02
1.584060000000000059e+02
1.638990000000000009e+02
1.697379999999999995e+02
1.757980000000000018e+02
1.817300000000000182e+02
1.882300000000000182e+02
1.940800000000000125e+02
2.000050000000000239e+02
2.056460000000000150e+02
2.112090000000000032e+02
2.166860000000000070e+02
2.222950000000000159e+02
2.276790000000000020e+02
2.334530000000000030e+02
2.393370000000000175e+02
2.445670000000000073e+02
2.504250000000000114e+02
2.559470000000000027e+02
2.613470000000000368e+02
2.668029999999999973e+02
2.724259999999999877e+02
2.775819999999999936e+02
2.832500000000000000e+02
2.889780000000000086e+02
2.949480000000000359e+02
3.009360000000000355e+02
3.060509999999999877e+02
3.118149999999999977e+02
3.167970000000000255e+02
3.223470000000000368e+02
3.277220000000000368e+02
3.337420000000000186e+02
3.397340000000000373e+02
3.454030000000000200e+02
3.513100000000000023e+02
3.572440000000000282e+02
3.634410000000000309e+02
3.692900000000000205e+02
3.754610000000000127e+02
3.807620000000000005e+02
3.863779999999999859e+02
3.915600000000000023e+02
3.972069999999999936e+02
4.030169999999999959e+02
4.092549999999999955e+02
4.155130000000000337e+02
4.207139999999999986e+02
4.265590000000000259e+02
4.318830000000000382e+02
4.377590000000000146e+02
4.430490000000000350e+02
4.486630000000000109e+02
4.545720000000000027e+02
4.600600000000000023e+02
4.653050000000000068e+02
4.711120000000000232e+02
4.768820000000000050e+02
4.821270000000000095e+02
4.881700000000000159e+02
4.934720000000000368e+02
4.987880000000000109e+02
5.044230000000000018e+02
5.099429999999999836e+02
5.157280000000000655e+02
5.215589999999999691e+02
5.271739999999999782e+02
5.326059999999999945e+02
5.383640000000000327e+02
5.433659999999999854e+02
5.488319999999999936e+02
5.548089999999999691e+02
5.606599999999999682e+02
5.661119999999999663e+02
5.716480000000000246e+02
5.773490000000000464e+02
5.828479999999999563e+02
5.885170000000000528e+02
5.937620000000000573e+02
5.988780000000000427e+02
6.041159999999999854e+02
6.102870000000000346e+02
6.163569999999999709e+02
6.215950000000000273e+02
6.270009999999999764e+02
6.325760000000000218e+02
6.378279999999999745e+02
6.430489999999999782e+02
6.487910000000000537e+02
6.544679999999999609e+02
6.604790000000000418e+02
6.660049999999999955e+02
6.714139999999999873e+02
6.771560000000000628e+02
6.826280000000000427e+02
6.881870000000000118e+02
6.938830000000000382e+02
6.993619999999999663e+02
7.044869999999999663e+02
7.098690000000000282e+02
7.156209999999999809e+02
7.208949999999999818e+02
7.267620000000000573e+02
7.318899999999999864e+02
7.372580000000000382e+02
7.431929999999999836e+02
7.491349999999999909e+02
7.552709999999999582e+02
7.607210000000000036e+02
7.666739999999999782e+02
7.720769999999999982e+02
7.777140000000000555e+02
7.832450000000000045e+02
7.893730000000000473e+02
7.947960000000000491e+02
8.002050000000000409e+02
8.055410000000000537e+02
8.112820000000000391e+02
8.173079999999999927e+02
8.224629999999999654e+02
8.283300000000000409e+02
8.343680000000000518e+02
8.394329999999999927e+02
8.452599999999999909e+02
8.512789999999999964e+02
8.573100000000000591e+02
8.629039999999999964e+02
8.682409999999999854e+02
8.738269999999999982e+02
8.792670000000000528e+02
8.846330000000000382e+02
8.905969999999999800e+02
8.965579999999999927e+02
9.025739999999999554e+02
9.077730000000000246e+02
9.134650000000000318e+02
9.191409999999999627e+02
9.249510000000000218e+02
9.303619999999999663e+02
9.363379999999999654e+02
9.416920000000000073e+02
9.467219999999999800e+02
9.524859999999999900e+02
9.577169999999999845e+02
9.638949999999999818e+02
9.693730000000000473e+02
9.751850000000000591e+02
9.805020000000000664e+02
9.855650000000000546e+02
9.917359999999999900e+02
9.967540000000000191e+02
1.002585000000000036e+03
1.007764999999999986e+03
1.013651000000000067e+03
1.018923000000000002e+03
1.024240999999999985e+03
1.029451999999999998e+03
1.034853000000000065e+03
1.039928000000000111e+03
1.045002999999999929e+03
1.050922000000000025e+03
1.056482999999999947e+03
1.062047000000000025e+03
1.067933999999999969e+03
1.073181000000000040e+03
1.079074000000000069e+03
1.084451000000000022e+03
1.089748000000000047e+03
1.095604000000000042e+03
