0.000000000000000000e+00
4.390000000000000568e-01
4.599999999999999645e-01
5.989999999999999769e-01
1.048999999999999932e+00
1.425999999999999934e+00
6.299999999999999822e+00
1.102500000000000036e+01
1.572199999999999953e+01
2.043499999999999872e+01
2.521600000000000108e+01
2.994399999999999906e+01
3.439800000000000324e+01
3.938600000000000279e+01
4.421400000000000574e+01
4.863700000000000045e+01
5.360200000000000387e+01
5.853900000000000148e+01
6.346400000000000574e+01
6.850499999999999545e+01
7.281799999999999784e+01
7.730400000000000205e+01
8.228099999999999170e+01
8.699199999999999022e+01
9.140599999999999170e+01
9.634399999999999409e+01
1.006689999999999969e+02
1.051919999999999931e+02
1.102509999999999906e+02
1.147779999999999916e+02
1.191919999999999931e+02
1.240609999999999928e+02
1.284840000000000089e+02
1.332950000000000159e+02
1.381120000000000232e+02
1.430020000000000095e+02
1.477490000000000236e+02
1.524850000000000136e+02
1.573500000000000227e+02
1.623120000000000118e+02
1.672840000000000202e+02
1.718870000000000005e+02
1.760709999999999980e+02
1.802310000000000230e+02
1.850829999999999984e+02
1.895860000000000127e+02
1.947010000000000218e+02
1.995920000000000130e+02
2.047120000000000175e+02
2.097270000000000039e+02
2.143580000000000041e+02
2.186539999999999964e+02
2.231490000000000009e+02
2.280200000000000102e+02
2.329510000000000218e+02
2.370090000000000146e+02
2.419780000000000086e+02
2.466550000000000011e+02
2.517340000000000089e+02
2.563429999999999609e+02
2.611959999999999695e+02
2.659289999999999736e+02
2.709509999999999650e+02
2.755969999999999800e+02
2.798429999999999609e+02
2.847229999999999563e+02
2.892259999999999991e+02
2.942359999999999900e+02
2.992019999999999982e+02
3.038549999999999613e+02
3.084439999999999600e+02
3.126879999999999882e+02
3.172669999999999959e+02
3.217400000000000091e+02
3.262659999999999627e+02
3.314919999999999618e+02
3.358569999999999709e+02
3.399479999999999791e+02
3.451499999999999773e+02
3.496560000000000059e+02
3.537520000000000095e+02
3.587109999999999559e+02
3.629979999999999905e+02
3.680739999999999554e+02
3.731469999999999914e+02
3.780679999999999836e+02
3.826289999999999623e+02
3.876259999999999764e+02
3.919819999999999709e+02
3.964549999999999841e+02
4.015229999999999677e+02
4.058629999999999995e+02
4.107129999999999654e+02
4.151920000000000073e+02
4.195209999999999582e+02
4.244069999999999823e+02
4.295379999999999541e+02
4.344950000000000045e+02
4.389699999999999704e+02
4.433949999999999818e+02
4.479959999999999809e+02
4.530449999999999591e+02
4.580419999999999732e+02
4.626829999999999927e+02
4.673739999999999668e+02
4.717520000000000095e+02
4.759879999999999995e+02
4.811359999999999673e+02
4.859110000000000014e+02
4.903659999999999854e+02
4.950229999999999677e+02
5.001859999999999786e+02
5.046309999999999718e+02
5.092069999999999936e+02
5.140359999999999445e+02
5.185919999999999845e+02
5.236659999999999400e+02
5.278629999999999427e+02
5.322319999999999709e+02
5.363479999999999563e+02
5.406849999999999454e+02
5.458469999999999800e+02
5.507479999999999336e+02
5.549529999999999745e+02
5.600789999999999509e+02
5.645259999999999536e+02
5.688790000000000191e+02
5.734959999999999809e+02
5.783419999999999845e+02
5.834270000000000209e+02
5.880380000000000109e+02
5.923029999999999973e+02
5.966229999999999336e+02
6.013859999999999673e+02
6.057390000000000327e+02
6.098260000000000218e+02
6.147819999999999254e+02
6.192289999999999281e+02
6.242599999999999909e+02
6.287509999999999764e+02
6.334829999999999472e+02
6.384329999999999927e+02
6.426390000000000100e+02
6.476860000000000355e+02
6.519600000000000364e+02
6.568840000000000146e+02
6.617609999999999673e+02
6.664399999999999409e+02
6.705969999999999800e+02
6.756449999999999818e+02
6.807259999999999991e+02
6.851449999999999818e+02
6.898579999999999472e+02
6.941879999999999882e+02
6.986589999999999918e+02
7.036899999999999409e+02
7.086699999999999591e+02
7.129099999999999682e+02
7.175639999999999645e+02
7.218940000000000055e+02
7.261949999999999363e+02
7.305779999999999745e+02
7.352079999999999700e+02
7.395259999999999536e+02
7.444499999999999318e+02
7.490069999999999482e+02
7.532809999999999491e+02
7.575879999999999654e+02
7.621369999999999436e+02
7.669069999999999254e+02
7.712409999999999854e+02
7.755409999999999400e+02
7.802129999999999654e+02
7.847369999999999663e+02
7.889639999999999418e+02
7.936870000000000118e+02
7.988269999999999982e+02
8.037419999999999618e+02
8.078469999999999800e+02
8.119700000000000273e+02
8.172069999999999936e+02
8.222429999999999382e+02
8.265069999999999482e+02
8.315289999999999964e+02
8.363339999999999463e+02
8.410520000000000209e+02
8.451939999999999600e+02
8.499370000000000118e+02
8.547669999999999391e+02
8.592880000000000109e+02
8.635649999999999409e+02
8.680099999999999909e+02
8.722609999999999673e+02
8.769900000000000091e+02
8.819159999999999400e+02
8.862300000000000182e+02
8.903590000000000373e+02
8.952509999999999764e+02
9.004279999999999973e+02
9.046340000000000146e+02
9.090489999999999782e+02
