0.000000000000000000e+00
3.470000000000000306e-01
3.470000000000000306e-01
3.480000000000000315e-01
3.490000000000000324e-01
3.490000000000000324e-01
3.500000000000000333e-01
3.510000000000000342e-01
3.520000000000000351e-01
3.520000000000000351e-01
3.530000000000000360e-01
3.550000000000000377e-01
3.560000000000000386e-01
3.570000000000000395e-01
3.580000000000000404e-01
3.590000000000000413e-01
3.600000000000000422e-01
3.610000000000000431e-01
3.620000000000000440e-01
3.629999999999999338e-01
3.629999999999999338e-01
3.639999999999999347e-01
3.639999999999999347e-01
3.649999999999999356e-01
3.659999999999999365e-01
3.669999999999999374e-01
3.679999999999999383e-01
3.689999999999999392e-01
3.699999999999999400e-01
3.709999999999999409e-01
3.719999999999999418e-01
3.729999999999999427e-01
3.739999999999999436e-01
3.749999999999999445e-01
3.759999999999999454e-01
3.779999999999999472e-01
3.779999999999999472e-01
3.789999999999999480e-01
3.799999999999999489e-01
3.819999999999999507e-01
3.829999999999999516e-01
3.839999999999999525e-01
3.849999999999999534e-01
3.859999999999999543e-01
3.859999999999999543e-01
3.869999999999999551e-01
3.869999999999999551e-01
3.889999999999999569e-01
3.899999999999999578e-01
3.899999999999999578e-01
3.909999999999999587e-01
3.909999999999999587e-01
3.919999999999999596e-01
3.929999999999999605e-01
3.939999999999999614e-01
3.949999999999999623e-01
3.949999999999999623e-01
3.959999999999999631e-01
3.959999999999999631e-01
3.969999999999999640e-01
3.979999999999999649e-01
3.989999999999999658e-01
3.989999999999999658e-01
3.999999999999999667e-01
4.009999999999999676e-01
4.019999999999999685e-01
4.029999999999999694e-01
4.029999999999999694e-01
4.039999999999999702e-01
4.049999999999999711e-01
4.049999999999999711e-01
4.059999999999999720e-01
4.069999999999999729e-01
4.069999999999999729e-01
4.079999999999999738e-01
4.079999999999999738e-01
4.089999999999999747e-01
4.099999999999999756e-01
4.099999999999999756e-01
4.109999999999999765e-01
4.119999999999999774e-01
4.129999999999999782e-01
4.139999999999999791e-01
4.159999999999999809e-01
4.169999999999999818e-01
4.189999999999999836e-01
4.199999999999999845e-01
4.209999999999999853e-01
4.219999999999999862e-01
4.229999999999999871e-01
4.239999999999999880e-01
4.249999999999999889e-01
4.269999999999999907e-01
4.279999999999999916e-01
4.289999999999999925e-01
4.299999999999999933e-01
4.309999999999999942e-01
4.309999999999999942e-01
4.319999999999999951e-01
4.329999999999999960e-01
4.339999999999999969e-01
4.349999999999999978e-01
4.349999999999999978e-01
4.359999999999999987e-01
4.369999999999999996e-01
4.369999999999999996e-01
4.380000000000000004e-01
4.390000000000000013e-01
4.390000000000000013e-01
4.400000000000000022e-01
1.103900000000000148e+01
2.018700000000000117e+01
2.693800000000000239e+01
3.362099999999999511e+01
4.037199999999999989e+01
4.723799999999999955e+01
5.409699999999999420e+01
6.105199999999999960e+01
6.773699999999999477e+01
7.515099999999999625e+01
8.239000000000000057e+01
8.919599999999999795e+01
9.692000000000000171e+01
1.040829999999999984e+02
1.112800000000000011e+02
1.181119999999999948e+02
1.253370000000000033e+02
1.322920000000000016e+02
1.397210000000000036e+02
1.462970000000000255e+02
1.531060000000000230e+02
1.606060000000000230e+02
1.678680000000000234e+02
1.748209999999999980e+02
1.815460000000000207e+02
1.880250000000000057e+02
1.952220000000000084e+02
2.021580000000000155e+02
2.093060000000000116e+02
2.162160000000000082e+02
2.232740000000000009e+02
2.305240000000000009e+02
2.373140000000000214e+02
2.446770000000000209e+02
2.518320000000000221e+02
2.585370000000000346e+02
2.654560000000000173e+02
2.729900000000000091e+02
2.798170000000000073e+02
2.865310000000000059e+02
2.934300000000000068e+02
3.006330000000000382e+02
3.075470000000000255e+02
3.141159999999999854e+02
3.207669999999999959e+02
3.279350000000000023e+02
3.350910000000000082e+02
3.418170000000000073e+02
3.487390000000000327e+02
3.559809999999999945e+02
3.632429999999999950e+02
3.703760000000000332e+02
3.769890000000000327e+02
3.841399999999999864e+02
3.912620000000000005e+02
3.987440000000000282e+02
4.055919999999999845e+02
4.129050000000000296e+02
4.198260000000000218e+02
4.272280000000000086e+02
4.339180000000000064e+02
4.410720000000000027e+02
4.484139999999999873e+02
4.554870000000000232e+02
4.628330000000000268e+02
4.695570000000000164e+02
4.767320000000000277e+02
4.834240000000000350e+02
4.906920000000000073e+02
4.983210000000000264e+02
5.049630000000000223e+02
5.115610000000000355e+02
5.189089999999999918e+02
5.260849999999999227e+02
5.330369999999999209e+02
5.405779999999999745e+02
5.470769999999999982e+02
5.538689999999999145e+02
5.608069999999999027e+02
5.681799999999999500e+02
5.751109999999999900e+02
5.818769999999999527e+02
5.886379999999999200e+02
5.957889999999999873e+02
6.030809999999999036e+02
6.096669999999999163e+02
6.162980000000000018e+02
6.233929999999999154e+02
6.307229999999999563e+02
6.377189999999999372e+02
6.444039999999999964e+02
