0.000000000000000000e+00
1.430000000000000160e-01
1.440000000000000169e-01
1.440000000000000169e-01
1.450000000000000178e-01
1.460000000000000187e-01
1.460000000000000187e-01
1.470000000000000195e-01
1.470000000000000195e-01
1.480000000000000204e-01
1.490000000000000213e-01
1.490000000000000213e-01
1.500000000000000222e-01
1.510000000000000231e-01
1.520000000000000240e-01
1.530000000000000249e-01
1.530000000000000249e-01
1.540000000000000258e-01
1.550000000000000266e-01
1.560000000000000275e-01
1.570000000000000284e-01
1.570000000000000284e-01
1.580000000000000293e-01
1.590000000000000302e-01
1.600000000000000311e-01
1.610000000000000320e-01
3.633000000000000007e+00
9.150000000000000355e+00
1.304899999999999949e+01
1.707900000000000063e+01
2.107100000000000151e+01
2.487800000000000011e+01
2.944400000000000261e+01
3.339099999999999824e+01
3.708599999999999852e+01
4.112399999999999523e+01
4.542099999999999937e+01
4.950199999999999534e+01
5.367599999999999483e+01
5.773699999999999477e+01
6.196499999999999631e+01
6.555700000000000216e+01
6.917700000000000671e+01
7.304000000000000625e+01
7.717300000000000182e+01
8.088700000000000045e+01
8.518900000000000716e+01
8.947500000000000853e+01
9.318400000000001171e+01
9.755500000000000682e+01
1.012590000000000003e+02
1.051170000000000044e+02
1.092590000000000003e+02
1.132439999999999998e+02
1.168490000000000038e+02
1.209410000000000025e+02
1.250510000000000019e+02
1.293939999999999770e+02
1.336529999999999916e+02
1.374439999999999884e+02
1.418160000000000025e+02
1.455449999999999875e+02
1.497219999999999800e+02
1.533580000000000041e+02
1.575660000000000025e+02
1.617330000000000041e+02
1.658109999999999786e+02
1.701919999999999789e+02
1.741699999999999875e+02
1.783069999999999879e+02
1.827439999999999998e+02
1.868529999999999802e+02
1.904759999999999991e+02
1.942709999999999866e+02
1.980809999999999889e+02
2.018069999999999879e+02
2.060489999999999782e+02
2.103539999999999850e+02
2.145889999999999986e+02
2.181850000000000023e+02
2.224599999999999795e+02
2.260039999999999907e+02
2.301439999999999770e+02
2.334909999999999854e+02
2.372199999999999989e+02
2.413409999999999798e+02
2.451649999999999920e+02
2.488479999999999848e+02
2.530449999999999875e+02
2.572889999999999873e+02
2.609989999999999668e+02
2.652969999999999686e+02
2.690589999999999691e+02
2.726949999999999932e+02
2.767849999999999682e+02
2.808050000000000068e+02
2.850190000000000055e+02
2.890149999999999864e+02
2.931599999999999682e+02
2.973519999999999754e+02
3.015419999999999732e+02
3.049479999999999791e+02
3.088059999999999832e+02
3.128639999999999759e+02
3.170199999999999818e+02
3.207069999999999936e+02
3.248940000000000055e+02
3.289279999999999973e+02
3.325869999999999891e+02
3.364989999999999668e+02
3.399010000000000105e+02
3.435919999999999845e+02
3.474459999999999695e+02
3.518129999999999882e+02
3.562309999999999945e+02
3.598000000000000114e+02
3.638750000000000000e+02
3.679689999999999941e+02
3.717969999999999686e+02
3.754950000000000045e+02
3.796469999999999914e+02
3.840330000000000155e+02
3.882500000000000000e+02
3.919320000000000164e+02
3.956539999999999964e+02
3.996929999999999836e+02
4.032599999999999909e+02
4.069789999999999850e+02
4.106139999999999759e+02
4.145299999999999727e+02
4.182930000000000064e+02
4.224449999999999932e+02
4.268670000000000186e+02
4.305439999999999827e+02
4.347779999999999632e+02
4.384859999999999900e+02
4.423519999999999754e+02
4.468209999999999695e+02
4.508329999999999700e+02
4.554399999999999977e+02
4.591359999999999673e+02
4.633790000000000191e+02
4.672830000000000155e+02
4.715439999999999827e+02
4.754379999999999882e+02
4.800210000000000150e+02
4.839629999999999654e+02
4.878079999999999927e+02
4.915939999999999941e+02
4.955709999999999695e+02
4.997919999999999732e+02
5.034989999999999668e+02
5.076309999999999718e+02
5.121150000000000091e+02
5.159829999999999472e+02
5.201240000000000236e+02
5.244759999999999991e+02
5.284529999999999745e+02
5.323790000000000191e+02
5.362390000000000327e+02
5.406040000000000418e+02
5.445280000000000200e+02
5.483029999999999973e+02
5.525660000000000309e+02
5.569220000000000255e+02
5.614349999999999454e+02
5.651810000000000400e+02
5.690649999999999409e+02
5.729310000000000400e+02
5.765879999999999654e+02
5.803859999999999673e+02
5.846849999999999454e+02
5.885339999999999918e+02
5.923120000000000118e+02
5.965660000000000309e+02
6.003619999999999663e+02
6.047369999999999663e+02
6.084629999999999654e+02
6.126340000000000146e+02
6.164099999999999682e+02
6.202259999999999991e+02
6.244310000000000400e+02
6.284030000000000200e+02
6.326029999999999518e+02
6.363089999999999691e+02
6.406259999999999764e+02
6.446119999999999663e+02
6.485389999999999873e+02
6.521570000000000391e+02
6.561240000000000236e+02
6.599399999999999409e+02
6.636730000000000018e+02
6.680720000000000027e+02
6.721709999999999354e+02
6.765040000000000191e+02
6.806920000000000073e+02
6.844929999999999382e+02
6.885480000000000018e+02
6.921810000000000400e+02
6.957749999999999773e+02
7.002469999999999573e+02
