0.000000000000000000e+00
3.050000000000000488e-01
7.590000000000000080e-01
4.024000000000000021e+00
8.076000000000000512e+00
1.198500000000000121e+01
1.526700000000000124e+01
1.916599999999999682e+01
2.236799999999999855e+01
2.548699999999999832e+01
2.937399999999999878e+01
3.338799999999999812e+01
3.720599999999999596e+01
4.091599999999999682e+01
4.401999999999999602e+01
4.810199999999999676e+01
5.200399999999999778e+01
5.576200000000000045e+01
5.889099999999999824e+01
6.270199999999999818e+01
6.653400000000000603e+01
6.996800000000000352e+01
7.321800000000000352e+01
7.652400000000000091e+01
8.050000000000000000e+01
8.366700000000000159e+01
8.692300000000000182e+01
9.050000000000000000e+01
9.388300000000000978e+01
9.740100000000001046e+01
1.012770000000000010e+02
1.048940000000000055e+02
1.084420000000000073e+02
1.122340000000000089e+02
1.156340000000000003e+02
1.193400000000000034e+02
1.225240000000000009e+02
1.264410000000000025e+02
1.296550000000000011e+02
1.333040000000000020e+02
1.364980000000000189e+02
1.405579999999999927e+02
1.441110000000000184e+02
1.475860000000000127e+02
1.516500000000000057e+02
1.551640000000000157e+02
1.583449999999999989e+02
1.616670000000000016e+02
1.649650000000000034e+02
1.683439999999999941e+02
1.715310000000000059e+02
1.749840000000000089e+02
1.783190000000000168e+02
1.823259999999999934e+02
1.862319999999999993e+02
1.895870000000000175e+02
1.935390000000000157e+02
1.970409999999999968e+02
2.004399999999999977e+02
2.038240000000000123e+02
2.074950000000000045e+02
2.113470000000000084e+02
2.147170000000000130e+02
2.183420000000000130e+02
2.218590000000000089e+02
2.256810000000000116e+02
2.295450000000000159e+02
2.333180000000000121e+02
2.372369999999999948e+02
2.406430000000000007e+02
2.445490000000000066e+02
2.477549999999999955e+02
2.514209999999999923e+02
2.545870000000000175e+02
2.580629999999999882e+02
2.612379999999999995e+02
2.645799999999999841e+02
2.682579999999999814e+02
2.720469999999999686e+02
2.759159999999999968e+02
2.797379999999999995e+02
2.835219999999999914e+02
2.869710000000000036e+02
2.909809999999999945e+02
2.940809999999999604e+02
2.973299999999999841e+02
3.013349999999999795e+02
3.047789999999999964e+02
3.086619999999999777e+02
3.121239999999999668e+02
3.160209999999999582e+02
3.192399999999999523e+02
3.223919999999999959e+02
3.261689999999999827e+02
3.299909999999999854e+02
3.331939999999999600e+02
3.369639999999999986e+02
3.403299999999999841e+02
3.437099999999999795e+02
3.475949999999999704e+02
3.515819999999999936e+02
3.555749999999999886e+02
3.591269999999999527e+02
3.628949999999999818e+02
3.665840000000000032e+02
3.701019999999999754e+02
3.735909999999999513e+02
3.775919999999999845e+02
3.815169999999999959e+02
3.846929999999999836e+02
3.887589999999999577e+02
3.928429999999999609e+02
3.968999999999999773e+02
4.003689999999999714e+02
4.043009999999999877e+02
4.073019999999999641e+02
4.109599999999999795e+02
4.151239999999999668e+02
4.184649999999999750e+02
4.220009999999999764e+02
4.258209999999999695e+02
4.295019999999999527e+02
4.333559999999999945e+02
4.365179999999999723e+02
4.403009999999999877e+02
4.435699999999999932e+02
4.477199999999999704e+02
4.511299999999999955e+02
4.548999999999999773e+02
4.581259999999999764e+02
4.621419999999999959e+02
4.655409999999999968e+02
4.695289999999999964e+02
4.728649999999999523e+02
4.761579999999999586e+02
4.802969999999999686e+02
4.836029999999999518e+02
4.867980000000000018e+02
4.907860000000000014e+02
4.939119999999999777e+02
4.977929999999999495e+02
5.012909999999999968e+02
5.047829999999999586e+02
5.086879999999999882e+02
5.120789999999999509e+02
5.153020000000000209e+02
5.185269999999999300e+02
5.216910000000000309e+02
5.251899999999999409e+02
5.286299999999999955e+02
5.328319999999999936e+02
5.367309999999999945e+02
5.398809999999999718e+02
5.433089999999999691e+02
5.469650000000000318e+02
5.504289999999999736e+02
5.535670000000000073e+02
5.576100000000000136e+02
5.608919999999999391e+02
5.643009999999999309e+02
5.675219999999999345e+02
5.712329999999999472e+02
5.750729999999999791e+02
5.791390000000000100e+02
5.828909999999999627e+02
5.869309999999999263e+02
5.901159999999999854e+02
5.935209999999999582e+02
5.968539999999999281e+02
6.006430000000000291e+02
6.044379999999999882e+02
6.079510000000000218e+02
6.117709999999999582e+02
6.154389999999999645e+02
6.192699999999999818e+02
6.223709999999999809e+02
6.258469999999999800e+02
6.292839999999999918e+02
6.326770000000000209e+02
6.362419999999999618e+02
6.395029999999999291e+02
6.432289999999999281e+02
6.470729999999999791e+02
6.502680000000000291e+02
6.545130000000000337e+02
6.582899999999999636e+02
6.616240000000000236e+02
6.652200000000000273e+02
6.690420000000000300e+02
6.724429999999999836e+02
6.762989999999999782e+02
6.797740000000000009e+02
6.830470000000000255e+02
6.865779999999999745e+02
6.900380000000000109e+02
6.940040000000000191e+02
6.978360000000000127e+02
7.012640000000000100e+02
7.051670000000000300e+02
7.084759999999999991e+02
7.117019999999999982e+02
