0.000000000000000000e+00
1.680000000000000104e-01
1.690000000000000113e-01
1.700000000000000122e-01
1.710000000000000131e-01
1.710000000000000131e-01
1.720000000000000140e-01
1.729999999999999594e-01
1.749999999999999611e-01
5.240000000000000213e-01
4.629999999999999893e+00
8.711000000000000298e+00
1.235399999999999920e+01
1.652599999999999980e+01
2.042199999999999704e+01
2.404399999999999693e+01
2.804499999999999815e+01
3.219200000000000017e+01
3.630199999999999960e+01
4.020899999999999608e+01
4.376399999999999579e+01
4.749199999999999733e+01
5.179399999999999693e+01
5.587399999999999523e+01
5.919299999999999784e+01
6.341199999999999903e+01
6.678600000000000136e+01
7.013100000000000023e+01
7.419800000000000750e+01
7.764300000000000068e+01
8.129400000000001114e+01
8.509199999999999875e+01
8.875600000000000023e+01
9.266000000000001080e+01
9.653200000000001069e+01
1.005340000000000060e+02
1.046420000000000101e+02
1.085260000000000105e+02
1.124690000000000083e+02
1.164340000000000117e+02
1.206560000000000059e+02
1.239819999999999993e+02
1.273520000000000039e+02
1.308599999999999852e+02
1.351569999999999823e+02
1.385319999999999823e+02
1.427019999999999982e+02
1.466049999999999898e+02
1.506859999999999786e+02
1.547390000000000043e+02
1.587839999999999918e+02
1.623539999999999850e+02
1.658829999999999814e+02
1.700399999999999920e+02
1.740469999999999970e+02
1.775159999999999911e+02
1.814209999999999923e+02
1.848569999999999993e+02
1.887349999999999852e+02
1.925529999999999973e+02
1.961629999999999825e+02
2.000949999999999989e+02
2.039629999999999939e+02
2.077150000000000034e+02
2.110540000000000020e+02
2.147359999999999900e+02
2.183269999999999982e+02
2.226099999999999852e+02
2.265139999999999816e+02
2.302889999999999873e+02
2.340459999999999923e+02
2.372669999999999959e+02
2.408400000000000034e+02
2.445229999999999961e+02
2.479719999999999800e+02
2.523209999999999980e+02
2.557920000000000016e+02
2.592200000000000273e+02
2.634900000000000091e+02
2.669270000000000209e+02
2.701419999999999959e+02
2.741690000000000396e+02
2.779180000000000064e+02
2.822560000000000286e+02
2.861030000000000086e+02
2.901490000000000009e+02
2.939060000000000059e+02
2.979340000000000259e+02
3.013040000000000305e+02
3.048760000000000332e+02
3.088110000000000355e+02
3.122259999999999991e+02
3.162450000000000045e+02
3.201240000000000236e+02
3.234230000000000018e+02
3.274399999999999977e+02
3.313780000000000427e+02
3.352700000000000387e+02
3.388640000000000327e+02
3.424399999999999977e+02
3.459200000000000159e+02
3.500230000000000246e+02
3.542320000000000277e+02
3.575769999999999982e+02
3.611600000000000250e+02
3.647400000000000091e+02
3.682510000000000332e+02
3.723570000000000277e+02
3.761360000000000241e+02
3.794800000000000182e+02
3.833400000000000318e+02
3.874879999999999995e+02
3.909089999999999918e+02
3.944870000000000232e+02
3.985140000000000100e+02
4.021120000000000232e+02
4.062850000000000250e+02
4.097270000000000323e+02
4.128890000000000100e+02
4.161910000000000309e+02
4.196790000000000305e+02
4.234329999999999927e+02
4.271970000000000027e+02
4.305670000000000073e+02
4.343880000000000337e+02
4.378240000000000123e+02
4.410710000000000264e+02
4.445130000000000337e+02
4.482930000000000064e+02
4.523820000000000050e+02
4.559430000000000405e+02
4.591500000000000341e+02
4.624830000000000041e+02
4.666760000000000446e+02
4.702309999999999945e+02
4.733460000000000036e+02
4.775150000000000432e+02
4.808340000000000032e+02
4.853000000000000114e+02
4.889580000000000268e+02
4.929420000000000073e+02
4.968230000000000359e+02
5.004900000000000091e+02
5.046690000000000396e+02
5.079890000000000327e+02
5.120009999999999764e+02
5.160179999999999154e+02
5.198009999999999309e+02
5.232509999999999764e+02
5.275099999999999909e+02
5.315349999999999682e+02
5.349669999999999845e+02
5.385889999999999418e+02
5.421529999999999063e+02
5.456699999999999591e+02
5.498890000000000100e+02
5.537779999999999063e+02
5.570769999999999982e+02
5.607939999999999827e+02
5.641059999999999945e+02
5.677110000000000127e+02
5.713869999999999436e+02
5.752930000000000064e+02
5.787359999999999900e+02
5.825779999999999745e+02
5.863790000000000191e+02
5.899610000000000127e+02
5.933689999999999145e+02
5.970079999999999245e+02
6.008209999999999127e+02
6.042429999999999382e+02
6.075419999999999163e+02
6.114610000000000127e+02
6.150939999999999372e+02
6.183849999999999909e+02
6.221009999999999991e+02
6.261639999999999873e+02
6.301879999999999882e+02
6.336299999999999955e+02
6.368550000000000182e+02
6.411069999999999709e+02
6.453869999999999436e+02
6.489669999999999845e+02
6.528919999999999391e+02
6.570709999999999127e+02
6.607119999999999891e+02
6.642500000000000000e+02
6.684509999999999081e+02
6.722669999999999391e+02
6.756419999999999391e+02
6.790620000000000118e+02
6.828199999999999363e+02
6.862549999999999955e+02
6.899459999999999127e+02
6.937549999999999955e+02
6.973729999999999336e+02
7.009489999999999554e+02
7.049710000000000036e+02
7.091079999999999472e+02
7.126290000000000191e+02
7.161630000000000109e+02
