0.000000000000000000e+00
3.849999999999999534e-01
5.722000000000000419e+00
1.088100000000000023e+01
1.606199999999999761e+01
2.107299999999999685e+01
2.545399999999999707e+01
3.093099999999999739e+01
3.655000000000000426e+01
4.145200000000000529e+01
4.694100000000000250e+01
5.165500000000000114e+01
5.588000000000000256e+01
6.093200000000000216e+01
6.558899999999999864e+01
7.077800000000000580e+01
7.601300000000000523e+01
8.079800000000000182e+01
8.556600000000000250e+01
9.027599999999999625e+01
9.568399999999999750e+01
1.004600000000000080e+02
1.049980000000000047e+02
1.098689999999999998e+02
1.147930000000000064e+02
1.196490000000000009e+02
1.248900000000000006e+02
1.296260000000000048e+02
1.349559999999999889e+02
1.405579999999999927e+02
1.459859999999999900e+02
1.507410000000000139e+02
1.550910000000000082e+02
1.598720000000000141e+02
1.650120000000000005e+02
1.702779999999999916e+02
1.752439999999999998e+02
1.799780000000000086e+02
1.847400000000000091e+02
1.891570000000000107e+02
1.942290000000000134e+02
1.989190000000000111e+02
2.042419999999999902e+02
2.088160000000000025e+02
2.142350000000000136e+02
2.190730000000000075e+02
2.237590000000000146e+02
2.289929999999999950e+02
2.335180000000000007e+02
2.381409999999999911e+02
2.434579999999999984e+02
2.488309999999999889e+02
2.535229999999999961e+02
2.587289999999999850e+02
2.636399999999999864e+02
2.681689999999999827e+02
2.734460000000000264e+02
2.781639999999999873e+02
2.834289999999999736e+02
2.885269999999999868e+02
2.938340000000000032e+02
2.991840000000000259e+02
3.035799999999999841e+02
3.083969999999999914e+02
3.137269999999999754e+02
3.192869999999999777e+02
3.244350000000000023e+02
3.293530000000000086e+02
3.338279999999999745e+02
3.388410000000000082e+02
3.434119999999999777e+02
3.487289999999999850e+02
3.533609999999999900e+02
3.579490000000000123e+02
3.629830000000000041e+02
3.676259999999999764e+02
3.730500000000000114e+02
3.776809999999999832e+02
3.829150000000000205e+02
3.881349999999999909e+02
3.932699999999999818e+02
3.980450000000000159e+02
4.035319999999999823e+02
4.088759999999999764e+02
4.135369999999999777e+02
4.187839999999999918e+02
4.233829999999999814e+02
4.280509999999999877e+02
4.330539999999999736e+02
4.384370000000000118e+02
4.428090000000000259e+02
4.479150000000000205e+02
4.528149999999999977e+02
4.574850000000000136e+02
4.626469999999999914e+02
4.680960000000000036e+02
4.725210000000000150e+02
4.778620000000000232e+02
4.832690000000000055e+02
4.883899999999999864e+02
4.930720000000000027e+02
4.981779999999999973e+02
5.030369999999999777e+02
5.076720000000000255e+02
5.128909999999999627e+02
5.181699999999999591e+02
5.232300000000000182e+02
5.274619999999999891e+02
5.329049999999999727e+02
5.376100000000000136e+02
5.424210000000000491e+02
5.475700000000000500e+02
5.523500000000000227e+02
5.569139999999999873e+02
5.614700000000000273e+02
5.662219999999999800e+02
5.709750000000000227e+02
5.758360000000000127e+02
5.803780000000000427e+02
5.855800000000000409e+02
5.905800000000000409e+02
5.954180000000000064e+02
6.006480000000000246e+02
6.062269999999999754e+02
6.114339999999999691e+02
6.163970000000000482e+02
6.216599999999999682e+02
6.269039999999999964e+02
6.321639999999999873e+02
6.368350000000000364e+02
6.416720000000000255e+02
6.470009999999999764e+02
6.524959999999999809e+02
6.576870000000000118e+02
6.622160000000000082e+02
6.667970000000000255e+02
6.721230000000000473e+02
6.773840000000000146e+02
6.824450000000000500e+02
6.876440000000000055e+02
6.931040000000000418e+02
6.982920000000000300e+02
7.031280000000000427e+02
7.085910000000000082e+02
7.139410000000000309e+02
7.183819999999999482e+02
7.232690000000000055e+02
7.283010000000000446e+02
7.327709999999999582e+02
7.378859999999999673e+02
7.432469999999999573e+02
7.483450000000000273e+02
7.528930000000000291e+02
7.576509999999999536e+02
7.622259999999999991e+02
7.674959999999999809e+02
7.725149999999999864e+02
7.770679999999999836e+02
7.820570000000000164e+02
7.874900000000000091e+02
7.928799999999999955e+02
7.978750000000000000e+02
8.025570000000000164e+02
8.078429999999999609e+02
8.131150000000000091e+02
8.183579999999999472e+02
8.231680000000000064e+02
8.283769999999999527e+02
8.333840000000000146e+02
8.384850000000000136e+02
8.429919999999999618e+02
8.482820000000000391e+02
8.536799999999999500e+02
8.588840000000000146e+02
8.641680000000000064e+02
8.691100000000000136e+02
8.741649999999999636e+02
8.787150000000000318e+02
8.837599999999999909e+02
8.893260000000000218e+02
8.943500000000000227e+02
8.992079999999999700e+02
9.046130000000000564e+02
9.099539999999999509e+02
9.146069999999999709e+02
9.199460000000000264e+02
9.244619999999999891e+02
9.291770000000000209e+02
9.341269999999999527e+02
9.395090000000000146e+02
9.442830000000000155e+02
9.488049999999999500e+02
9.534569999999999936e+02
9.585620000000000118e+02
9.634930000000000518e+02
9.682699999999999818e+02
9.732690000000000055e+02
9.785620000000000118e+02
9.838070000000000164e+02
9.886430000000000291e+02
9.933740000000000236e+02
