0.000000000000000000e+00
2.670000000000000151e-01
2.680000000000000160e-01
2.680000000000000160e-01
2.690000000000000169e-01
2.700000000000000178e-01
2.700000000000000178e-01
2.710000000000000187e-01
2.710000000000000187e-01
2.720000000000000195e-01
2.720000000000000195e-01
2.730000000000000204e-01
2.740000000000000213e-01
2.740000000000000213e-01
4.269999999999999352e-01
6.689999999999999281e-01
1.175999999999999934e+00
1.510000000000000009e+00
1.731999999999999984e+00
5.883000000000000007e+00
9.533999999999998920e+00
1.379899999999999949e+01
1.791699999999999804e+01
2.221699999999999875e+01
2.589300000000000068e+01
2.986199999999999832e+01
3.383200000000000074e+01
3.792600000000000193e+01
4.221900000000000119e+01
4.638300000000000267e+01
5.012100000000000222e+01
5.377200000000000557e+01
5.792600000000000193e+01
6.170300000000000296e+01
6.566800000000000637e+01
6.954099999999999682e+01
7.335099999999999909e+01
7.702100000000000080e+01
8.126500000000000057e+01
8.498600000000000421e+01
8.874399999999999977e+01
9.261200000000000898e+01
9.687900000000000489e+01
1.012030000000000030e+02
1.053170000000000073e+02
1.090240000000000009e+02
1.128740000000000094e+02
1.171650000000000063e+02
1.208370000000000033e+02
1.248620000000000090e+02
1.284979999999999905e+02
1.326589999999999918e+02
1.364110000000000014e+02
1.401889999999999930e+02
1.445540000000000020e+02
1.488109999999999786e+02
1.527800000000000011e+02
1.570759999999999934e+02
1.613889999999999816e+02
1.655129999999999768e+02
1.693269999999999982e+02
1.730279999999999916e+02
1.770060000000000002e+02
1.812539999999999907e+02
1.853439999999999941e+02
1.894819999999999993e+02
1.932109999999999843e+02
1.973189999999999884e+02
2.011149999999999807e+02
2.048129999999999882e+02
2.091199999999999761e+02
2.129849999999999852e+02
2.166449999999999818e+02
2.205309999999999775e+02
2.247479999999999905e+02
2.285499999999999829e+02
2.323209999999999980e+02
2.365069999999999766e+02
2.406469999999999914e+02
2.447989999999999782e+02
2.490329999999999870e+02
2.529179999999999779e+02
2.567620000000000005e+02
2.607270000000000323e+02
2.649110000000000014e+02
2.689780000000000086e+02
2.732599999999999909e+02
2.771530000000000200e+02
2.808400000000000318e+02
2.847330000000000041e+02
2.884890000000000327e+02
2.927860000000000014e+02
2.969730000000000132e+02
3.008269999999999982e+02
3.049850000000000136e+02
3.091870000000000118e+02
3.128940000000000055e+02
3.165529999999999973e+02
3.207010000000000218e+02
3.249310000000000400e+02
3.291410000000000196e+02
3.328310000000000173e+02
3.369260000000000446e+02
3.408290000000000077e+02
3.449260000000000446e+02
3.491080000000000041e+02
3.530570000000000164e+02
3.573629999999999995e+02
3.610620000000000118e+02
3.647540000000000191e+02
3.689879999999999995e+02
3.726340000000000146e+02
3.767980000000000018e+02
3.805860000000000127e+02
3.843530000000000086e+02
3.883430000000000177e+02
3.926740000000000350e+02
3.969820000000000277e+02
4.013149999999999977e+02
4.051700000000000159e+02
4.095099999999999909e+02
4.132100000000000364e+02
4.170800000000000409e+02
4.212560000000000286e+02
4.254710000000000036e+02
4.291770000000000209e+02
4.333230000000000359e+02
4.375390000000000441e+02
4.414370000000000118e+02
4.456860000000000355e+02
4.495380000000000109e+02
4.538609999999999900e+02
4.580130000000000337e+02
4.618720000000000141e+02
4.657110000000000127e+02
4.696240000000000236e+02
4.734460000000000264e+02
4.776370000000000005e+02
4.816560000000000059e+02
4.859460000000000264e+02
4.897510000000000332e+02
4.940169999999999959e+02
4.977060000000000173e+02
5.015250000000000341e+02
5.055020000000000095e+02
5.093410000000000082e+02
5.130980000000000700e+02
5.170009999999999764e+02
5.208050000000000637e+02
5.249149999999999636e+02
5.286779999999999973e+02
5.324189999999999827e+02
5.362699999999999818e+02
5.405990000000000464e+02
5.443170000000000073e+02
5.481920000000000073e+02
5.523220000000000027e+02
5.563179999999999836e+02
5.601649999999999636e+02
5.645720000000000027e+02
5.687069999999999936e+02
5.737079999999999700e+02
5.778559999999999945e+02
5.817250000000000227e+02
5.855080000000000382e+02
5.897870000000000346e+02
5.935960000000000036e+02
5.980430000000000064e+02
6.019940000000000282e+02
6.057179999999999609e+02
6.098029999999999973e+02
6.136460000000000719e+02
6.178750000000000000e+02
6.221000000000000227e+02
6.257960000000000491e+02
6.295210000000000719e+02
6.334629999999999654e+02
6.375700000000000500e+02
6.416349999999999909e+02
6.458340000000000600e+02
6.495560000000000400e+02
6.534339999999999691e+02
6.578809999999999718e+02
6.616420000000000528e+02
6.657680000000000291e+02
6.699880000000000564e+02
6.737280000000000655e+02
6.778200000000000500e+02
6.814550000000000409e+02
6.850810000000000173e+02
6.891130000000000564e+02
6.929220000000000255e+02
6.970639999999999645e+02
7.008600000000000136e+02
7.046610000000000582e+02
7.083369999999999891e+02
7.122169999999999845e+02
7.159940000000000282e+02
7.196620000000000346e+02
7.234479999999999791e+02
7.272169999999999845e+02
