0.000000000000000000e+00
2.580000000000000071e-01
3.940000000000000169e-01
7.489999999999999991e-01
6.011999999999999567e+00
1.135899999999999999e+01
1.647400000000000020e+01
2.149199999999999733e+01
2.696199999999999974e+01
3.245400000000000063e+01
3.818200000000000216e+01
4.363400000000000034e+01
4.926099999999999568e+01
5.478300000000000125e+01
5.975999999999999801e+01
6.503100000000000591e+01
7.088500000000000512e+01
7.603000000000000114e+01
8.123400000000000887e+01
8.684100000000000819e+01
9.203300000000000125e+01
9.719400000000000261e+01
1.022220000000000084e+02
1.072439999999999998e+02
1.121570000000000107e+02
1.177270000000000039e+02
1.232000000000000028e+02
1.289310000000000116e+02
1.348880000000000052e+02
1.407650000000000148e+02
1.460190000000000055e+02
1.519720000000000084e+02
1.570639999999999930e+02
1.623689999999999998e+02
1.679699999999999989e+02
1.728979999999999961e+02
1.785500000000000114e+02
1.839579999999999984e+02
1.893089999999999975e+02
1.944720000000000084e+02
2.004370000000000118e+02
2.062100000000000080e+02
2.112740000000000009e+02
2.164879999999999995e+02
2.213550000000000182e+02
2.272199999999999989e+02
2.327319999999999993e+02
2.380589999999999975e+02
2.432729999999999961e+02
2.484030000000000200e+02
2.547210000000000036e+02
2.597219999999999800e+02
2.654969999999999573e+02
2.706309999999999718e+02
2.756809999999999832e+02
2.811279999999999859e+02
2.871699999999999591e+02
2.929169999999999732e+02
2.980319999999999823e+02
3.033999999999999773e+02
3.091719999999999686e+02
3.143029999999999973e+02
3.200049999999999955e+02
3.258029999999999973e+02
3.312860000000000014e+02
3.365789999999999509e+02
3.422629999999999768e+02
3.475969999999999800e+02
3.535259999999999536e+02
3.587849999999999682e+02
3.639439999999999600e+02
3.689729999999999563e+02
3.743379999999999654e+02
3.798299999999999841e+02
3.851829999999999927e+02
3.905629999999999882e+02
3.963580000000000041e+02
4.017409999999999854e+02
4.069309999999999832e+02
4.123659999999999854e+02
4.175889999999999986e+02
4.234439999999999600e+02
4.288979999999999677e+02
4.340009999999999764e+02
4.401159999999999854e+02
4.452489999999999668e+02
4.503870000000000005e+02
4.562860000000000014e+02
4.613069999999999595e+02
4.670579999999999927e+02
4.722629999999999768e+02
4.773539999999999850e+02
4.828999999999999773e+02
4.883549999999999613e+02
4.937369999999999663e+02
4.986809999999999832e+02
5.042319999999999709e+02
5.093799999999999955e+02
5.146790000000000873e+02
5.200199999999999818e+02
5.257300000000000182e+02
5.308490000000000464e+02
5.358450000000000273e+02
5.413350000000000364e+02
5.463319999999999936e+02
5.516850000000000591e+02
5.577100000000000364e+02
5.631449999999999818e+02
5.689710000000000036e+02
5.746840000000000828e+02
5.802920000000000300e+02
5.859870000000000800e+02
5.917820000000000391e+02
5.974310000000000400e+02
6.025080000000000382e+02
6.076520000000000437e+02
6.133920000000000528e+02
6.184680000000000746e+02
6.234060000000000628e+02
6.288980000000000246e+02
6.344150000000000773e+02
6.396890000000000782e+02
6.450480000000000018e+02
6.502090000000000600e+02
6.562420000000000755e+02
6.618330000000000837e+02
6.672950000000000728e+02
6.728520000000000891e+02
6.787430000000000518e+02
6.842370000000000800e+02
6.901680000000000064e+02
6.954000000000000909e+02
7.010840000000000600e+02
7.062259999999999991e+02
7.118469999999999800e+02
7.177750000000000909e+02
7.229669999999999845e+02
7.289820000000000846e+02
7.342510000000000900e+02
7.392970000000000255e+02
7.445769999999999982e+02
7.495930000000000746e+02
7.547240000000000464e+02
7.598450000000000273e+02
7.657259999999999991e+02
7.710919999999999845e+02
7.764640000000000555e+02
7.818430000000000746e+02
7.876410000000000764e+02
7.933029999999999973e+02
7.990629999999999882e+02
8.047620000000000573e+02
8.108240000000000691e+02
8.167019999999999982e+02
8.226090000000000373e+02
8.279820000000000846e+02
8.331810000000000400e+02
8.381630000000000109e+02
8.438000000000000682e+02
8.490160000000000764e+02
8.543690000000000282e+02
8.599580000000000837e+02
8.654619999999999891e+02
8.710940000000000509e+02
8.766490000000000009e+02
8.818910000000000764e+02
8.877760000000000673e+02
8.940020000000000664e+02
8.996589999999999918e+02
9.049410000000000309e+02
9.103369999999999891e+02
9.159780000000000655e+02
9.216800000000000637e+02
9.268210000000000264e+02
9.319260000000000446e+02
9.379030000000000200e+02
9.432620000000000573e+02
9.484540000000000646e+02
9.538350000000000364e+02
9.596910000000000309e+02
9.657570000000000618e+02
9.708730000000000473e+02
9.761410000000000764e+02
9.816240000000000236e+02
9.872599999999999909e+02
9.932340000000000373e+02
9.985640000000000782e+02
1.003626000000000090e+03
1.009826000000000022e+03
1.015423999999999978e+03
1.020676000000000045e+03
1.026723999999999933e+03
1.031758000000000038e+03
1.037134000000000015e+03
1.042325000000000045e+03
1.047571000000000140e+03
1.053152000000000044e+03
1.059228000000000065e+03
1.064597999999999956e+03
1.070683999999999969e+03
1.076692999999999984e+03
