0.000000000000000000e+00
1.860000000000000264e-01
1.870000000000000273e-01
1.870000000000000273e-01
1.879999999999999727e-01
1.879999999999999727e-01
1.889999999999999736e-01
1.899999999999999745e-01
1.909999999999999754e-01
1.909999999999999754e-01
1.919999999999999762e-01
1.939999999999999780e-01
1.949999999999999789e-01
1.959999999999999798e-01
1.959999999999999798e-01
1.969999999999999807e-01
1.979999999999999816e-01
1.979999999999999816e-01
1.989999999999999825e-01
1.999999999999999833e-01
1.999999999999999833e-01
2.009999999999999842e-01
2.019999999999999851e-01
2.029999999999999860e-01
2.039999999999999869e-01
2.049999999999999878e-01
2.069999999999999896e-01
2.079999999999999905e-01
2.089999999999999913e-01
2.099999999999999922e-01
2.109999999999999931e-01
2.119999999999999940e-01
2.129999999999999949e-01
2.139999999999999958e-01
2.149999999999999967e-01
2.169999999999999984e-01
2.179999999999999993e-01
2.190000000000000002e-01
2.200000000000000011e-01
2.210000000000000020e-01
2.220000000000000029e-01
2.230000000000000038e-01
2.240000000000000047e-01
2.250000000000000056e-01
2.260000000000000064e-01
2.270000000000000073e-01
2.270000000000000073e-01
2.280000000000000082e-01
2.280000000000000082e-01
2.290000000000000091e-01
2.290000000000000091e-01
2.300000000000000100e-01
2.310000000000000109e-01
2.310000000000000109e-01
2.320000000000000118e-01
2.330000000000000127e-01
2.340000000000000135e-01
2.360000000000000153e-01
2.370000000000000162e-01
2.380000000000000171e-01
2.390000000000000180e-01
2.400000000000000189e-01
2.420000000000000207e-01
2.430000000000000215e-01
2.440000000000000224e-01
2.450000000000000233e-01
2.460000000000000242e-01
2.480000000000000260e-01
2.490000000000000269e-01
2.510000000000000009e-01
2.510000000000000009e-01
2.520000000000000018e-01
2.540000000000000036e-01
2.560000000000000053e-01
2.580000000000000071e-01
2.600000000000000089e-01
2.610000000000000098e-01
2.620000000000000107e-01
2.630000000000000115e-01
2.640000000000000124e-01
2.650000000000000133e-01
2.670000000000000151e-01
2.680000000000000160e-01
2.690000000000000169e-01
2.710000000000000187e-01
2.720000000000000195e-01
2.730000000000000204e-01
2.740000000000000213e-01
2.760000000000000231e-01
2.770000000000000240e-01
2.780000000000000249e-01
2.790000000000000258e-01
2.800000000000000266e-01
2.810000000000000275e-01
2.830000000000000293e-01
2.840000000000000302e-01
2.850000000000000311e-01
2.860000000000000320e-01
2.880000000000000338e-01
2.880000000000000338e-01
2.900000000000000355e-01
2.920000000000000373e-01
2.920000000000000373e-01
2.940000000000000391e-01
1.096400000000000041e+01
2.364899999999999736e+01
3.318599999999999994e+01
4.258599999999999852e+01
5.179399999999999693e+01
6.137599999999999767e+01
7.086899999999999977e+01
8.030600000000001160e+01
8.932400000000001228e+01
9.841400000000000148e+01
1.075640000000000072e+02
1.173200000000000074e+02
1.267880000000000109e+02
1.359689999999999941e+02
1.451020000000000039e+02
1.544550000000000125e+02
1.640229999999999961e+02
1.734569999999999936e+02
1.826069999999999993e+02
1.916280000000000143e+02
2.007300000000000182e+02
2.098480000000000132e+02
2.192830000000000155e+02
2.286760000000000161e+02
2.382150000000000034e+02
2.472360000000000184e+02
2.568179999999999836e+02
2.661720000000000255e+02
2.757620000000000005e+02
2.852850000000000250e+02
2.947599999999999909e+02
3.041260000000000332e+02
3.135420000000000300e+02
3.225330000000000155e+02
3.316800000000000068e+02
3.405110000000000241e+02
3.492040000000000077e+02
3.577900000000000205e+02
3.664870000000000232e+02
3.751949999999999932e+02
3.838840000000000146e+02
3.927010000000000218e+02
4.015389999999999873e+02
4.100720000000000027e+02
4.189859999999999900e+02
4.275010000000000332e+02
4.363109999999999786e+02
4.451089999999999804e+02
4.537239999999999895e+02
4.622069999999999936e+02
4.707359999999999900e+02
4.795430000000000064e+02
4.881270000000000095e+02
4.969789999999999850e+02
5.059060000000000059e+02
5.146159999999999854e+02
5.233129999999999882e+02
5.322919999999999163e+02
5.410909999999998945e+02
5.496049999999999045e+02
5.585819999999999936e+02
5.670409999999999400e+02
5.755069999999999482e+02
5.844879999999999427e+02
5.930699999999999363e+02
6.016429999999999154e+02
6.103349999999999227e+02
6.189319999999999027e+02
6.278940000000000055e+02
6.363839999999999009e+02
6.448569999999999709e+02
6.533809999999999718e+02
6.622229999999999563e+02
6.706849999999999454e+02
6.795229999999999109e+02
6.883460000000000036e+02
6.973199999999999363e+02
7.058099999999999454e+02
7.142619999999999436e+02
7.230689999999999600e+02
7.320169999999999391e+02
7.409379999999999882e+02
7.498909999999999627e+02
7.587199999999999136e+02
7.675219999999999345e+02
7.760889999999999418e+02
7.846159999999999854e+02
7.932149999999999181e+02
8.016979999999999791e+02
8.106250000000000000e+02
8.192210000000000036e+02
8.277529999999999291e+02
8.362359999999999900e+02
8.450459999999999354e+02
8.537439999999999145e+02
8.627279999999999518e+02
8.713109999999999218e+02
