0.000000000000000000e+00
4.070000000000000284e-01
4.080000000000000293e-01
4.090000000000000302e-01
4.100000000000000311e-01
4.100000000000000311e-01
4.110000000000000320e-01
4.120000000000000329e-01
4.120000000000000329e-01
4.130000000000000338e-01
4.140000000000000346e-01
4.150000000000000355e-01
4.150000000000000355e-01
4.160000000000000364e-01
4.160000000000000364e-01
4.170000000000000373e-01
4.180000000000000382e-01
4.180000000000000382e-01
4.190000000000000391e-01
4.190000000000000391e-01
4.200000000000000400e-01
4.210000000000000409e-01
4.220000000000000417e-01
4.220000000000000417e-01
4.230000000000000426e-01
4.250000000000000444e-01
4.250000000000000444e-01
4.260000000000000453e-01
4.270000000000000462e-01
4.280000000000000471e-01
8.412000000000000810e+00
1.687699999999999889e+01
2.387199999999999989e+01
3.057399999999999807e+01
3.807999999999999829e+01
4.462999999999999545e+01
5.193900000000000006e+01
5.960999999999999943e+01
6.629000000000000625e+01
7.272800000000000864e+01
8.060600000000000875e+01
8.843100000000001160e+01
9.548000000000000398e+01
1.025230000000000103e+02
1.092680000000000007e+02
1.170640000000000072e+02
1.249840000000000089e+02
1.321819999999999879e+02
1.394659999999999798e+02
1.463489999999999895e+02
1.540609999999999786e+02
1.610660000000000025e+02
1.694279999999999973e+02
1.768169999999999789e+02
1.838149999999999977e+02
1.913839999999999861e+02
1.996399999999999864e+02
2.077450000000000045e+02
2.149659999999999798e+02
2.225449999999999875e+02
2.305310000000000059e+02
2.377150000000000034e+02
2.452699999999999818e+02
2.530629999999999882e+02
2.607529999999999859e+02
2.677079999999999700e+02
2.750109999999999673e+02
2.823319999999999936e+02
2.903349999999999795e+02
2.975899999999999750e+02
3.046499999999999773e+02
3.112099999999999795e+02
3.184869999999999663e+02
3.257810000000000059e+02
3.327489999999999668e+02
3.401270000000000095e+02
3.476209999999999809e+02
3.543229999999999791e+02
3.614979999999999905e+02
3.685260000000000105e+02
3.755600000000000023e+02
3.827180000000000177e+02
3.899499999999999886e+02
3.965879999999999654e+02
4.036340000000000146e+02
4.099279999999999973e+02
4.165899999999999750e+02
4.237169999999999845e+02
4.297139999999999986e+02
4.370999999999999659e+02
4.433670000000000186e+02
4.494509999999999650e+02
4.563310000000000173e+02
4.629080000000000155e+02
4.693820000000000050e+02
4.757699999999999818e+02
4.823659999999999854e+02
4.885840000000000032e+02
4.949420000000000073e+02
5.015729999999999791e+02
5.084839999999999804e+02
5.149089999999999918e+02
5.211109999999999900e+02
5.281369999999999436e+02
5.345520000000000209e+02
5.408010000000000446e+02
5.478700000000000045e+02
5.547060000000000173e+02
5.616000000000000227e+02
5.686539999999999964e+02
5.754080000000000155e+02
5.826259999999999764e+02
5.896129999999999427e+02
5.966709999999999354e+02
6.033149999999999409e+02
6.100270000000000437e+02
6.173890000000000100e+02
6.237039999999999509e+02
6.300919999999999845e+02
6.367759999999999536e+02
6.436140000000000327e+02
6.500470000000000255e+02
6.565789999999999509e+02
6.631069999999999709e+02
6.702179999999999609e+02
6.772730000000000246e+02
6.842649999999999864e+02
6.910979999999999563e+02
6.979790000000000418e+02
7.045910000000000082e+02
7.119610000000000127e+02
7.186380000000000337e+02
7.257880000000000109e+02
7.321040000000000418e+02
7.391019999999999754e+02
7.461939999999999600e+02
7.525720000000000027e+02
7.595190000000000055e+02
7.657409999999999854e+02
7.721609999999999445e+02
7.789489999999999554e+02
7.855710000000000264e+02
7.922129999999999654e+02
7.987809999999999491e+02
8.060990000000000464e+02
8.127559999999999718e+02
8.194679999999999609e+02
8.262279999999999518e+02
8.333089999999999691e+02
8.400599999999999454e+02
8.469059999999999491e+02
8.538769999999999527e+02
8.608809999999999718e+02
8.678679999999999382e+02
8.751620000000000346e+02
8.817459999999999809e+02
8.882519999999999527e+02
8.945869999999999891e+02
9.011760000000000446e+02
9.076589999999999918e+02
9.140589999999999691e+02
9.206689999999999827e+02
9.271589999999999918e+02
9.342920000000000300e+02
9.416159999999999854e+02
9.482859999999999445e+02
9.553070000000000164e+02
9.628319999999999936e+02
9.699519999999999982e+02
9.766939999999999600e+02
9.831340000000000146e+02
9.899890000000000327e+02
9.969109999999999445e+02
1.003465000000000032e+03
1.009765999999999963e+03
1.017048000000000002e+03
1.023505999999999972e+03
1.029879000000000133e+03
1.036143000000000029e+03
1.042983000000000175e+03
1.050420000000000073e+03
1.056803000000000111e+03
1.063432999999999993e+03
1.070089000000000169e+03
1.076705000000000155e+03
1.083789000000000215e+03
1.090489000000000033e+03
1.097121000000000095e+03
1.104366000000000213e+03
1.111576999999999998e+03
1.117664000000000215e+03
1.125045000000000073e+03
1.131630000000000109e+03
1.138437000000000126e+03
1.145210000000000036e+03
1.151916000000000167e+03
1.158858000000000175e+03
1.166546000000000049e+03
1.173172000000000025e+03
1.180549000000000206e+03
1.187999000000000024e+03
