0.000000000000000000e+00
1.280000000000000027e-01
1.350000000000000089e-01
1.520000000000000240e-01
1.669999999999999818e-01
1.839999999999999969e-01
1.920000000000000040e-01
2.070000000000000173e-01
2.239999999999999769e-01
2.399999999999999911e-01
2.550000000000000044e-01
2.710000000000000187e-01
2.859999999999999765e-01
3.019999999999999907e-01
3.190000000000000058e-01
3.260000000000000120e-01
3.390000000000000235e-01
3.560000000000000386e-01
3.710000000000000520e-01
3.869999999999999551e-01
4.019999999999999685e-01
4.169999999999999818e-01
4.309999999999999942e-01
4.480000000000000093e-01
5.315999999999999837e+00
1.151900000000000013e+01
1.647599999999999909e+01
2.176099999999999923e+01
2.722599999999999909e+01
3.230299999999999727e+01
3.760799999999999699e+01
4.346999999999999886e+01
4.868200000000000216e+01
5.427600000000000335e+01
5.975800000000000267e+01
6.563300000000000978e+01
7.124000000000000909e+01
7.652800000000000580e+01
8.202100000000000080e+01
8.742100000000000648e+01
9.325200000000000955e+01
1.002190000000000083e+02
1.061300000000000097e+02
1.111860000000000070e+02
1.162230000000000132e+02
1.233780000000000001e+02
1.296009999999999991e+02
1.348850000000000193e+02
1.401479999999999961e+02
1.452100000000000080e+02
1.510840000000000032e+02
1.564099999999999966e+02
1.623410000000000082e+02
1.680229999999999961e+02
1.734699999999999989e+02
1.790289999999999964e+02
1.850550000000000068e+02
1.901810000000000116e+02
1.949540000000000077e+02
2.008950000000000102e+02
2.068350000000000080e+02
2.126949999999999932e+02
2.176770000000000209e+02
2.228199999999999932e+02
2.280910000000000082e+02
2.339150000000000205e+02
2.393660000000000139e+02
2.443710000000000093e+02
2.492360000000000184e+02
2.543640000000000043e+02
2.591279999999999859e+02
2.639959999999999809e+02
2.695439999999999827e+02
2.745929999999999609e+02
2.807860000000000014e+02
2.858689999999999714e+02
2.910729999999999791e+02
2.958079999999999927e+02
3.008580000000000041e+02
3.075799999999999841e+02
3.137939999999999827e+02
3.197789999999999964e+02
3.250649999999999977e+02
3.303649999999999523e+02
3.356859999999999786e+02
3.409619999999999891e+02
3.460689999999999600e+02
3.511349999999999909e+02
3.568069999999999595e+02
3.630919999999999845e+02
3.687049999999999841e+02
3.743799999999999955e+02
3.801259999999999764e+02
3.857319999999999709e+02
3.912319999999999709e+02
3.968069999999999595e+02
4.027500000000000000e+02
4.088799999999999955e+02
4.144969999999999573e+02
4.197199999999999704e+02
4.250699999999999932e+02
4.306689999999999827e+02
4.358569999999999709e+02
4.415430000000000064e+02
4.468929999999999723e+02
4.520159999999999627e+02
4.571939999999999600e+02
4.625509999999999877e+02
4.676629999999999541e+02
4.732909999999999968e+02
4.782469999999999573e+02
4.841749999999999545e+02
4.899599999999999795e+02
4.954519999999999982e+02
5.007509999999999764e+02
5.065259999999999536e+02
5.116560000000000059e+02
5.167549999999999955e+02
5.222140000000000555e+02
5.280990000000000464e+02
5.350750000000000455e+02
5.423880000000000337e+02
5.494660000000000082e+02
5.571570000000000391e+02
5.646770000000000209e+02
5.703140000000000782e+02
5.769400000000000546e+02
5.850880000000000791e+02
5.935880000000000791e+02
6.025610000000000355e+02
6.113010000000000446e+02
6.193520000000000891e+02
6.270750000000000455e+02
6.351440000000000055e+02
6.432680000000000291e+02
6.511720000000000255e+02
6.591050000000000182e+02
6.664900000000000091e+02
6.745579999999999927e+02
6.821470000000000482e+02
6.901190000000000282e+02
6.991829999999999927e+02
7.088170000000000073e+02
7.171740000000000919e+02
7.251449999999999818e+02
7.330490000000000919e+02
7.410430000000000064e+02
7.479859999999999900e+02
7.554750000000000227e+02
7.631879999999999882e+02
7.707800000000000864e+02
7.779580000000000837e+02
7.864429999999999836e+02
7.936050000000000182e+02
8.014560000000000173e+02
8.088740000000000236e+02
8.165180000000000291e+02
8.239870000000000800e+02
8.317380000000000564e+02
8.387670000000000528e+02
8.461950000000000500e+02
8.543840000000000146e+02
8.615650000000000546e+02
8.690170000000000528e+02
8.766330000000000382e+02
8.838070000000000164e+02
8.909980000000000473e+02
8.983709999999999809e+02
9.066349999999999909e+02
9.137649999999999864e+02
9.213170000000000073e+02
9.284070000000000391e+02
9.361040000000000418e+02
9.430830000000000837e+02
9.502560000000000855e+02
9.576270000000000664e+02
9.650800000000000409e+02
9.721670000000000300e+02
9.796580000000000155e+02
9.867850000000000819e+02
9.929700000000000273e+02
1.000615000000000009e+03
1.007942999999999984e+03
1.014795000000000073e+03
1.021947999999999979e+03
1.028875999999999976e+03
1.036080999999999904e+03
1.043345000000000027e+03
1.051442000000000007e+03
1.059348999999999933e+03
1.067191000000000031e+03
1.074437999999999874e+03
1.081525999999999840e+03
1.088791999999999916e+03
1.095451000000000022e+03
1.102255999999999858e+03
1.109439999999999827e+03
1.116293999999999869e+03
1.123179999999999836e+03
1.130750000000000000e+03
1.138116999999999962e+03
