0.000000000000000000e+00
1.819999999999999951e-01
1.819999999999999951e-01
1.829999999999999960e-01
1.849999999999999978e-01
1.859999999999999987e-01
4.955999999999999517e+00
1.130199999999999960e+01
1.718799999999999883e+01
2.291799999999999926e+01
2.897500000000000142e+01
3.525900000000000034e+01
4.164399999999999835e+01
4.721300000000000097e+01
5.252700000000000102e+01
5.806000000000000227e+01
6.446200000000000330e+01
7.021899999999999409e+01
7.613100000000000023e+01
8.138299999999999557e+01
8.679900000000000659e+01
9.253799999999999670e+01
9.851399999999999579e+01
1.043949999999999960e+02
1.102960000000000065e+02
1.159699999999999989e+02
1.222920000000000016e+02
1.276650000000000063e+02
1.328269999999999982e+02
1.389830000000000041e+02
1.449730000000000132e+02
1.514629999999999939e+02
1.578369999999999891e+02
1.634180000000000064e+02
1.696340000000000146e+02
1.754010000000000105e+02
1.815740000000000123e+02
1.867860000000000014e+02
1.932470000000000141e+02
1.998189999999999884e+02
2.058650000000000091e+02
2.115140000000000100e+02
2.181699999999999875e+02
2.242470000000000141e+02
2.300070000000000050e+02
2.362299999999999898e+02
2.418870000000000005e+02
2.484370000000000118e+02
2.542539999999999907e+02
2.601340000000000146e+02
2.663790000000000191e+02
2.726129999999999995e+02
2.788899999999999864e+02
2.851270000000000095e+02
2.915520000000000209e+02
2.978539999999999850e+02
3.035779999999999745e+02
3.093720000000000141e+02
3.156349999999999909e+02
3.218820000000000050e+02
3.275419999999999732e+02
3.333629999999999995e+02
3.393410000000000082e+02
3.450140000000000100e+02
3.505040000000000191e+02
3.560910000000000082e+02
3.619879999999999995e+02
3.682830000000000155e+02
3.741120000000000232e+02
3.798159999999999741e+02
3.856320000000000050e+02
3.912909999999999968e+02
3.974470000000000027e+02
4.031499999999999773e+02
4.086809999999999832e+02
4.148020000000000209e+02
4.202450000000000045e+02
4.255450000000000159e+02
4.307620000000000005e+02
4.369529999999999745e+02
4.424900000000000091e+02
4.487169999999999845e+02
4.542719999999999914e+02
4.602590000000000146e+02
4.667149999999999750e+02
4.724270000000000209e+02
4.785720000000000027e+02
4.846329999999999814e+02
4.901360000000000241e+02
4.965269999999999868e+02
5.023009999999999877e+02
5.084270000000000209e+02
5.139659999999998945e+02
5.194539999999999509e+02
5.249929999999999382e+02
5.309769999999999754e+02
5.361689999999999827e+02
5.418499999999999091e+02
5.478489999999999327e+02
5.532129999999999654e+02
5.593949999999999818e+02
5.655549999999999500e+02
5.718969999999999345e+02
5.772859999999999445e+02
5.834009999999999536e+02
5.891209999999999809e+02
5.947659999999999627e+02
6.005369999999999209e+02
6.059859999999999900e+02
6.118639999999999191e+02
6.180669999999998936e+02
6.235319999999999254e+02
6.299429999999999836e+02
6.356449999999999818e+02
6.410749999999999318e+02
6.472519999999999527e+02
6.529379999999999882e+02
6.586879999999999882e+02
6.644239999999999782e+02
6.701659999999999400e+02
6.755599999999999454e+02
6.809519999999999982e+02
6.871329999999999245e+02
6.931239999999999100e+02
6.990659999999999172e+02
7.048009999999999309e+02
7.107089999999999463e+02
7.162879999999998972e+02
7.225469999999999118e+02
7.284699999999999136e+02
7.338409999999998945e+02
7.399579999999999700e+02
7.456379999999999200e+02
7.513289999999999509e+02
7.575129999999999200e+02
7.634669999999999845e+02
7.696639999999999873e+02
7.758059999999999263e+02
7.811869999999998981e+02
7.874309999999999263e+02
7.929229999999998881e+02
7.990369999999999209e+02
8.049559999999999036e+02
8.108439999999999372e+02
8.168609999999999900e+02
8.230479999999998881e+02
8.291449999999999818e+02
8.349129999999998972e+02
8.405389999999999873e+02
8.465599999999999454e+02
8.529719999999999800e+02
8.591069999999999709e+02
8.647319999999999709e+02
8.704089999999999918e+02
8.766169999999999618e+02
8.823589999999999236e+02
8.887239999999999327e+02
8.948029999999999973e+02
9.005679999999999836e+02
9.061719999999999118e+02
9.122239999999999327e+02
9.177549999999999955e+02
9.236239999999999100e+02
9.300739999999999554e+02
9.353909999999999627e+02
9.409369999999998981e+02
9.467839999999999918e+02
9.522419999999999618e+02
9.577969999999999118e+02
9.636529999999999063e+02
9.700469999999999118e+02
9.756199999999998909e+02
9.819179999999998927e+02
9.880789999999999509e+02
9.937129999999999654e+02
9.999469999999998890e+02
1.005897999999999911e+03
1.011625999999999976e+03
1.017108999999999924e+03
1.023101999999999975e+03
1.028858999999999924e+03
1.034530999999999949e+03
1.040048999999999978e+03
1.045711000000000013e+03
1.051644999999999982e+03
1.057413999999999987e+03
1.063440000000000055e+03
1.069541999999999916e+03
1.075763999999999896e+03
1.082235999999999876e+03
1.088532999999999902e+03
1.094852999999999838e+03
1.100808999999999969e+03
1.106467999999999847e+03
1.112791999999999916e+03
1.118865000000000009e+03
1.125326999999999998e+03
1.130819999999999936e+03
1.136472999999999956e+03
1.141935999999999922e+03
1.148236999999999853e+03
