0.000000000000000000e+00
1.709999999999999853e-01
1.709999999999999853e-01
1.719999999999999862e-01
1.729999999999999871e-01
1.729999999999999871e-01
1.739999999999999880e-01
1.749999999999999889e-01
1.759999999999999898e-01
1.759999999999999898e-01
1.769999999999999907e-01
1.769999999999999907e-01
1.779999999999999916e-01
1.789999999999999925e-01
1.799999999999999933e-01
1.809999999999999942e-01
1.819999999999999951e-01
1.829999999999999960e-01
1.839999999999999969e-01
1.849999999999999978e-01
1.859999999999999987e-01
1.859999999999999987e-01
1.869999999999999996e-01
1.880000000000000004e-01
1.890000000000000013e-01
1.900000000000000022e-01
1.900000000000000022e-01
1.910000000000000031e-01
1.930000000000000049e-01
1.940000000000000058e-01
1.950000000000000067e-01
5.682000000000000384e+00
1.383199999999999896e+01
2.000400000000000134e+01
2.677599999999999980e+01
3.380799999999999983e+01
4.058399999999999608e+01
4.673399999999999466e+01
5.266199999999999903e+01
5.882699999999999818e+01
6.471099999999999852e+01
7.078000000000000114e+01
7.715400000000001057e+01
8.395400000000000773e+01
9.079300000000000637e+01
9.654700000000001125e+01
1.031310000000000002e+02
1.089870000000000090e+02
1.153890000000000100e+02
1.217220000000000084e+02
1.281119999999999948e+02
1.350250000000000057e+02
1.409360000000000070e+02
1.481620000000000061e+02
1.554230000000000018e+02
1.619470000000000027e+02
1.683240000000000123e+02
1.744680000000000177e+02
1.806289999999999907e+02
1.869869999999999948e+02
1.936440000000000055e+02
1.998290000000000077e+02
2.054819999999999993e+02
2.119850000000000136e+02
2.179010000000000105e+02
2.241020000000000039e+02
2.304790000000000134e+02
2.369809999999999945e+02
2.431730000000000018e+02
2.494000000000000057e+02
2.560779999999999745e+02
2.628359999999999559e+02
2.687679999999999723e+02
2.747659999999999627e+02
2.810449999999999591e+02
2.876639999999999873e+02
2.937939999999999827e+02
3.005039999999999623e+02
3.064459999999999695e+02
3.131419999999999959e+02
3.192229999999999563e+02
3.255789999999999509e+02
3.317299999999999613e+02
3.375720000000000027e+02
3.433729999999999905e+02
3.497629999999999768e+02
3.562409999999999854e+02
3.621789999999999736e+02
3.687349999999999568e+02
3.746759999999999877e+02
3.808069999999999595e+02
3.875919999999999845e+02
3.933639999999999759e+02
4.000869999999999891e+02
4.065499999999999545e+02
4.133879999999999768e+02
4.199279999999999973e+02
4.263119999999999550e+02
4.323849999999999909e+02
4.386479999999999677e+02
4.448619999999999663e+02
4.510269999999999868e+02
4.576939999999999600e+02
4.644369999999999550e+02
4.703299999999999841e+02
4.766469999999999914e+02
4.833979999999999677e+02
4.897179999999999609e+02
4.958340000000000032e+02
5.021229999999999905e+02
5.081439999999999486e+02
5.147649999999999864e+02
5.206430000000000291e+02
5.265509999999999309e+02
5.334009999999999536e+02
5.398559999999999945e+02
5.459819999999999709e+02
5.519410000000000309e+02
5.587849999999999682e+02
5.656519999999999300e+02
5.718550000000000182e+02
5.783569999999999709e+02
5.854650000000000318e+02
5.917869999999999209e+02
5.984080000000000155e+02
6.039979999999999336e+02
6.098269999999999982e+02
6.167219999999999800e+02
6.235499999999999545e+02
6.302849999999999682e+02
6.368039999999999736e+02
6.431739999999999782e+02
6.500670000000000073e+02
6.573869999999999436e+02
6.640499999999999545e+02
6.708179999999999836e+02
6.773619999999999663e+02
6.845720000000000027e+02
6.924990000000000236e+02
6.989859999999999900e+02
7.055480000000000018e+02
7.128339999999999463e+02
7.204199999999999591e+02
7.270579999999999927e+02
7.328020000000000209e+02
7.391340000000000146e+02
7.448809999999999718e+02
7.513940000000000055e+02
7.577069999999999936e+02
7.641229999999999336e+02
7.704610000000000127e+02
7.772339999999999236e+02
7.833049999999999500e+02
7.893289999999999509e+02
7.964539999999999509e+02
8.034209999999999354e+02
8.098980000000000246e+02
8.164230000000000018e+02
8.229679999999999609e+02
8.288429999999999609e+02
8.355109999999999673e+02
8.428410000000000082e+02
8.491359999999999673e+02
8.553600000000000136e+02
8.620459999999999354e+02
8.685819999999999936e+02
8.750570000000000164e+02
8.815380000000000109e+02
8.873269999999999982e+02
8.935489999999999782e+02
9.002210000000000036e+02
9.063059999999999263e+02
9.127200000000000273e+02
9.189019999999999300e+02
9.254769999999999754e+02
9.324969999999999573e+02
9.385420000000000300e+02
9.442189999999999372e+02
9.506039999999999281e+02
9.562699999999999818e+02
9.621490000000000009e+02
9.686349999999999909e+02
9.748740000000000236e+02
9.808379999999999654e+02
9.863980000000000246e+02
9.930129999999999200e+02
9.993260000000000218e+02
1.005136999999999944e+03
1.011775999999999954e+03
1.018322000000000003e+03
1.025029999999999973e+03
1.031324000000000069e+03
1.037524999999999864e+03
1.044392000000000053e+03
1.050297000000000025e+03
1.057136999999999944e+03
1.063151000000000067e+03
1.069484999999999900e+03
1.075480000000000018e+03
1.081869999999999891e+03
1.087854000000000042e+03
