0.000000000000000000e+00
2.630000000000000115e-01
4.240000000000000435e-01
4.017999999999999794e+00
7.333999999999999631e+00
1.066000000000000014e+01
1.440399999999999991e+01
1.775400000000000134e+01
2.100699999999999790e+01
2.406200000000000117e+01
2.685399999999999920e+01
3.033299999999999841e+01
3.337000000000000455e+01
3.698500000000000654e+01
4.008000000000000540e+01
4.309500000000000597e+01
4.656200000000000472e+01
5.017900000000000205e+01
5.351400000000000290e+01
5.723300000000000409e+01
6.003400000000000603e+01
6.318900000000000006e+01
6.648799999999999955e+01
7.014999999999999147e+01
7.322499999999999432e+01
7.623599999999999000e+01
7.905700000000000216e+01
8.245199999999999818e+01
8.601999999999999602e+01
8.945300000000000296e+01
9.310699999999999932e+01
9.663799999999999102e+01
1.001079999999999899e+02
1.033909999999999911e+02
1.067469999999999999e+02
1.098889999999999958e+02
1.129470000000000027e+02
1.157710000000000008e+02
1.186689999999999969e+02
1.217620000000000005e+02
1.249159999999999968e+02
1.279169999999999874e+02
1.314380000000000166e+02
1.349670000000000130e+02
1.386610000000000014e+02
1.423750000000000000e+02
1.451959999999999980e+02
1.480870000000000175e+02
1.517909999999999968e+02
1.545160000000000196e+02
1.576530000000000200e+02
1.611680000000000064e+02
1.645680000000000121e+02
1.681160000000000139e+02
1.713130000000000166e+02
1.746570000000000107e+02
1.783140000000000214e+02
1.812400000000000091e+02
1.846120000000000232e+02
1.875970000000000084e+02
1.911330000000000098e+02
1.941670000000000016e+02
1.972280000000000086e+02
2.007670000000000243e+02
2.038509999999999991e+02
2.075880000000000223e+02
2.104219999999999970e+02
2.136520000000000152e+02
2.166719999999999970e+02
2.203350000000000080e+02
2.235289999999999964e+02
2.264699999999999989e+02
2.301760000000000161e+02
2.330420000000000016e+02
2.366330000000000098e+02
2.398160000000000025e+02
2.426899999999999977e+02
2.458310000000000173e+02
2.486980000000000075e+02
2.521430000000000007e+02
2.552190000000000225e+02
2.589230000000000018e+02
2.615840000000000032e+02
2.651529999999999632e+02
2.685319999999999823e+02
2.722549999999999955e+02
2.752119999999999891e+02
2.790190000000000055e+02
2.825939999999999941e+02
2.853870000000000005e+02
2.886839999999999691e+02
2.924889999999999759e+02
2.954749999999999659e+02
2.985009999999999764e+02
3.017699999999999818e+02
3.053340000000000032e+02
3.089309999999999832e+02
3.123940000000000055e+02
3.160809999999999604e+02
3.190419999999999732e+02
3.219399999999999977e+02
3.253679999999999950e+02
3.289859999999999900e+02
3.325989999999999895e+02
3.357839999999999918e+02
3.388739999999999668e+02
3.423909999999999627e+02
3.458619999999999663e+02
3.488379999999999654e+02
3.524409999999999741e+02
3.561200000000000045e+02
3.596209999999999809e+02
3.623439999999999941e+02
3.653799999999999955e+02
3.685249999999999773e+02
3.721599999999999682e+02
3.749549999999999841e+02
3.780649999999999977e+02
3.810430000000000064e+02
3.845399999999999636e+02
3.879830000000000041e+02
3.917059999999999604e+02
3.947699999999999818e+02
3.974789999999999850e+02
4.002299999999999613e+02
4.034259999999999877e+02
4.068750000000000000e+02
4.103439999999999941e+02
4.139549999999999841e+02
4.167479999999999905e+02
4.205849999999999795e+02
4.240679999999999836e+02
4.277659999999999627e+02
4.311899999999999977e+02
4.349359999999999786e+02
4.385659999999999741e+02
4.420149999999999864e+02
4.447369999999999663e+02
4.478220000000000027e+02
4.514569999999999936e+02
4.546390000000000100e+02
4.576999999999999886e+02
4.608839999999999577e+02
4.639830000000000041e+02
4.669909999999999854e+02
4.704159999999999968e+02
4.739780000000000086e+02
4.770969999999999800e+02
4.805639999999999645e+02
4.836839999999999691e+02
4.871549999999999727e+02
4.907579999999999814e+02
4.938329999999999700e+02
4.969540000000000077e+02
4.998750000000000000e+02
5.033489999999999895e+02
5.065739999999999554e+02
5.101009999999999991e+02
5.137749999999999773e+02
5.168269999999999982e+02
5.200979999999999563e+02
5.239239999999999782e+02
5.272429999999999382e+02
5.300969999999999800e+02
5.338719999999999573e+02
5.368329999999999700e+02
5.396539999999999964e+02
5.432419999999999618e+02
5.463339999999999463e+02
5.494510000000000218e+02
5.524139999999999873e+02
5.554669999999999845e+02
5.590910000000000082e+02
5.620439999999999827e+02
5.647369999999999663e+02
5.676200000000000045e+02
5.713369999999999891e+02
5.742669999999999391e+02
5.778579999999999472e+02
5.814329999999999927e+02
5.851109999999999900e+02
5.879410000000000309e+02
5.908750000000000000e+02
5.943529999999999518e+02
5.980769999999999982e+02
6.015009999999999764e+02
6.051399999999999864e+02
6.085979999999999563e+02
6.120549999999999500e+02
6.151440000000000055e+02
6.182640000000000100e+02
6.212930000000000064e+02
6.243179999999999836e+02
6.279879999999999427e+02
6.310559999999999263e+02
6.340280000000000200e+02
6.369189999999999827e+02
6.404650000000000318e+02
6.437309999999999945e+02
6.472179999999999609e+02
6.504019999999999300e+02
