0.000000000000000000e+00
3.150000000000000577e-01
5.653999999999999915e+00
1.019399999999999906e+01
1.495399999999999885e+01
1.932200000000000273e+01
2.398200000000000287e+01
2.846499999999999986e+01
3.378699999999999903e+01
3.914699999999999847e+01
4.389600000000000080e+01
4.931400000000000006e+01
5.471399999999999864e+01
6.017699999999999960e+01
6.536200000000000898e+01
7.067400000000000659e+01
7.588000000000000966e+01
8.055100000000000193e+01
8.524600000000000932e+01
9.028300000000000125e+01
9.521000000000000796e+01
1.003740000000000094e+02
1.048970000000000056e+02
1.099879999999999995e+02
1.154939999999999998e+02
1.207900000000000063e+02
1.256210000000000093e+02
1.303889999999999816e+02
1.353969999999999914e+02
1.399149999999999920e+02
1.452969999999999970e+02
1.507609999999999957e+02
1.562869999999999777e+02
1.610300000000000011e+02
1.662589999999999861e+02
1.710060000000000002e+02
1.754849999999999852e+02
1.805939999999999941e+02
1.859410000000000025e+02
1.909379999999999882e+02
1.958849999999999909e+02
2.008689999999999998e+02
2.060669999999999789e+02
2.114129999999999825e+02
2.162129999999999939e+02
2.214199999999999875e+02
2.271939999999999884e+02
2.325609999999999786e+02
2.375969999999999800e+02
2.426739999999999782e+02
2.482439999999999998e+02
2.536589999999999918e+02
2.583000000000000114e+02
2.637800000000000296e+02
2.686110000000000468e+02
2.735350000000000250e+02
2.781980000000000359e+02
2.831920000000000073e+02
2.881200000000000045e+02
2.928290000000000077e+02
2.978160000000000309e+02
3.032760000000000105e+02
3.083880000000000337e+02
3.128679999999999950e+02
3.174340000000000259e+02
3.227580000000000382e+02
3.276090000000000373e+02
3.323890000000000100e+02
3.371050000000000182e+02
3.424790000000000418e+02
3.480690000000000168e+02
3.532030000000000314e+02
3.582760000000000105e+02
3.633060000000000400e+02
3.684910000000000423e+02
3.737300000000000182e+02
3.791040000000000418e+02
3.837270000000000323e+02
3.886949999999999932e+02
3.933640000000000327e+02
3.981370000000000005e+02
4.029759999999999991e+02
4.075360000000000014e+02
4.125579999999999927e+02
4.170490000000000350e+02
4.217460000000000377e+02
4.265010000000000332e+02
4.319300000000000068e+02
4.365270000000000437e+02
4.416760000000000446e+02
4.470610000000000355e+02
4.524209999999999923e+02
4.571160000000000423e+02
4.624809999999999945e+02
4.674519999999999982e+02
4.722390000000000327e+02
4.765529999999999973e+02
4.813000000000000114e+02
4.867850000000000250e+02
4.912200000000000273e+02
4.956250000000000000e+02
5.009350000000000023e+02
5.054620000000000459e+02
5.099390000000000214e+02
5.143849999999999909e+02
5.197180000000000746e+02
5.247470000000000709e+02
5.298450000000000273e+02
5.345610000000000355e+02
5.392119999999999891e+02
5.437649999999999864e+02
5.483519999999999754e+02
5.528770000000000664e+02
5.574629999999999654e+02
5.619930000000000518e+02
5.669650000000000318e+02
5.719809999999999945e+02
5.768840000000000146e+02
5.813859999999999673e+02
5.866069999999999709e+02
5.917340000000000373e+02
5.969329999999999927e+02
6.015270000000000437e+02
6.060900000000000318e+02
6.109279999999999973e+02
6.161539999999999964e+02
6.209010000000000673e+02
6.258890000000000100e+02
6.307369999999999663e+02
6.357269999999999754e+02
6.408469999999999800e+02
6.453150000000000546e+02
6.505690000000000737e+02
6.548440000000000509e+02
6.600570000000000164e+02
6.646009999999999991e+02
6.693530000000000655e+02
6.745910000000000082e+02
6.798480000000000700e+02
6.853060000000000400e+02
6.906549999999999727e+02
6.953580000000000609e+02
7.000349999999999682e+02
7.052160000000000082e+02
7.103369999999999891e+02
7.159049999999999727e+02
7.206069999999999709e+02
7.253469999999999800e+02
7.300330000000000155e+02
7.349800000000000182e+02
7.402400000000000091e+02
7.451159999999999854e+02
7.501240000000000236e+02
7.556920000000000073e+02
7.605790000000000646e+02
7.651349999999999909e+02
7.700510000000000446e+02
7.745690000000000737e+02
7.791130000000000564e+02
7.843859999999999673e+02
7.898190000000000737e+02
7.947280000000000655e+02
8.001109999999999900e+02
8.046950000000000500e+02
8.094080000000000155e+02
8.144189999999999827e+02
8.191760000000000446e+02
8.238890000000000100e+02
8.285450000000000728e+02
8.343000000000000682e+02
8.395960000000000036e+02
8.447549999999999955e+02
8.494690000000000509e+02
8.546779999999999973e+02
8.601499999999999773e+02
8.649479999999999791e+02
8.699920000000000755e+02
8.756050000000000182e+02
8.809030000000000200e+02
8.856440000000000055e+02
8.905090000000000146e+02
8.955120000000000573e+02
9.002760000000000673e+02
9.056560000000000628e+02
9.109479999999999791e+02
9.155520000000000209e+02
9.205430000000000064e+02
9.252350000000000136e+02
9.304600000000000364e+02
9.353229999999999791e+02
9.409690000000000509e+02
9.455829999999999700e+02
9.503920000000000528e+02
9.552549999999999955e+02
9.599410000000000309e+02
9.651220000000000709e+02
9.705220000000000482e+02
9.757160000000000082e+02
9.806140000000000327e+02
9.855349999999999682e+02
9.909170000000000300e+02
