0.000000000000000000e+00
5.999999999999999778e-02
7.600000000000001199e-02
8.800000000000002265e-02
3.085999999999999854e+00
6.988999999999999879e+00
1.012100000000000044e+01
1.358600000000000030e+01
1.698600000000000065e+01
2.058500000000000085e+01
2.420700000000000074e+01
2.761599999999999966e+01
3.077700000000000102e+01
3.401100000000000279e+01
3.730100000000000193e+01
4.098899999999999721e+01
4.433400000000000318e+01
4.809199999999999875e+01
5.205599999999999739e+01
5.551400000000000290e+01
5.941499999999999915e+01
6.277900000000000347e+01
6.652299999999999613e+01
7.039999999999999147e+01
7.375399999999999068e+01
7.798499999999999943e+01
8.163299999999999557e+01
8.533499999999999375e+01
8.920099999999999341e+01
9.274199999999999022e+01
9.687999999999999545e+01
1.007369999999999948e+02
1.045899999999999892e+02
1.089339999999999975e+02
1.128469999999999942e+02
1.167749999999999915e+02
1.203909999999999911e+02
1.235549999999999926e+02
1.269749999999999943e+02
1.315219999999999914e+02
1.358789999999999907e+02
1.392450000000000045e+02
1.426869999999999834e+02
1.467039999999999793e+02
1.505439999999999827e+02
1.536389999999999816e+02
1.572939999999999827e+02
1.608189999999999884e+02
1.644849999999999852e+02
1.684159999999999968e+02
1.723319999999999936e+02
1.759159999999999968e+02
1.795109999999999957e+02
1.837800000000000011e+02
1.879989999999999952e+02
1.920250000000000057e+02
1.958539999999999850e+02
1.989039999999999964e+02
2.019449999999999932e+02
2.050219999999999914e+02
2.087259999999999991e+02
2.123919999999999959e+02
2.157009999999999934e+02
2.193700000000000045e+02
2.227669999999999959e+02
2.262750000000000057e+02
2.296959999999999980e+02
2.330799999999999841e+02
2.360509999999999877e+02
2.393259999999999934e+02
2.432980000000000018e+02
2.473369999999999891e+02
2.508160000000000025e+02
2.542939999999999827e+02
2.573890000000000100e+02
2.605409999999999968e+02
2.636189999999999714e+02
2.673369999999999891e+02
2.703969999999999914e+02
2.737699999999999818e+02
2.770600000000000023e+02
2.807839999999999918e+02
2.840799999999999841e+02
2.871959999999999695e+02
2.909950000000000045e+02
2.948220000000000027e+02
2.979819999999999709e+02
3.011809999999999832e+02
3.047629999999999768e+02
3.077389999999999759e+02
3.114889999999999759e+02
3.159270000000000209e+02
3.202459999999999809e+02
3.245529999999999973e+02
3.281700000000000159e+02
3.322180000000000177e+02
3.356370000000000005e+02
3.386839999999999691e+02
3.420409999999999968e+02
3.452849999999999682e+02
3.485729999999999791e+02
3.521829999999999927e+02
3.557900000000000205e+02
3.595520000000000209e+02
3.626850000000000023e+02
3.664710000000000036e+02
3.706539999999999964e+02
3.745529999999999973e+02
3.780659999999999741e+02
3.815339999999999918e+02
3.853240000000000123e+02
3.891990000000000123e+02
3.925129999999999768e+02
3.960759999999999650e+02
4.000439999999999827e+02
4.040040000000000191e+02
4.077139999999999986e+02
4.112350000000000136e+02
4.154579999999999700e+02
4.197450000000000045e+02
4.234320000000000164e+02
4.269459999999999695e+02
4.306119999999999663e+02
4.336589999999999918e+02
4.368580000000000041e+02
4.400779999999999745e+02
4.433059999999999832e+02
4.464250000000000114e+02
4.505469999999999686e+02
4.543729999999999905e+02
4.577819999999999823e+02
4.610779999999999745e+02
4.649200000000000159e+02
4.683820000000000050e+02
4.722400000000000091e+02
4.759490000000000123e+02
4.795690000000000168e+02
4.832259999999999991e+02
4.868550000000000182e+02
4.900829999999999700e+02
4.941119999999999663e+02
4.975819999999999936e+02
5.013779999999999859e+02
5.054010000000000105e+02
5.084929999999999950e+02
5.119530000000000314e+02
5.155150000000001000e+02
5.191610000000000582e+02
5.225780000000000882e+02
5.264940000000000282e+02
5.297780000000000200e+02
5.332140000000000555e+02
5.364770000000000891e+02
5.400060000000000855e+02
5.454990000000000236e+02
5.509410000000000309e+02
5.559140000000001010e+02
5.609680000000000746e+02
5.658080000000001064e+02
5.703200000000000500e+02
5.753900000000001000e+02
5.791280000000000427e+02
5.823200000000000500e+02
5.868350000000000364e+02
5.921700000000000728e+02
5.977690000000000055e+02
6.040190000000000055e+02
6.097660000000000764e+02
6.153080000000001064e+02
6.208250000000000455e+02
6.263900000000001000e+02
6.305650000000000546e+02
6.351730000000000018e+02
6.400010000000000900e+02
6.455720000000000027e+02
6.516950000000000500e+02
6.571410000000000764e+02
6.615000000000000000e+02
6.667540000000000191e+02
6.712760000000000673e+02
6.766150000000000091e+02
6.820490000000000919e+02
6.876270000000000664e+02
6.922630000000000337e+02
6.973760000000000900e+02
7.034740000000000464e+02
7.093200000000000500e+02
7.146770000000000209e+02
7.213040000000000873e+02
7.269380000000001019e+02
7.321620000000000346e+02
7.373269999999999982e+02
7.423430000000000746e+02
7.483390000000000555e+02
7.526600000000000819e+02
7.579540000000000646e+02
7.628580000000000609e+02
7.678220000000000027e+02
7.722990000000000919e+02
7.770240000000000009e+02
7.813240000000000691e+02
