0.000000000000000000e+00
2.650000000000000133e-01
2.975000000000000089e+00
5.887000000000000455e+00
8.835999999999998522e+00
1.178899999999999970e+01
1.427599999999999980e+01
1.714799999999999969e+01
1.978299999999999770e+01
2.229100000000000037e+01
2.468100000000000094e+01
2.717200000000000060e+01
2.998699999999999832e+01
3.290200000000000102e+01
3.567099999999999937e+01
3.806600000000000250e+01
4.095000000000000284e+01
4.337400000000000233e+01
4.622400000000000375e+01
4.908600000000000563e+01
5.196700000000000585e+01
5.471000000000000085e+01
5.713600000000000279e+01
5.990700000000000358e+01
6.234600000000000364e+01
6.469899999999999807e+01
6.698300000000000409e+01
6.983200000000000784e+01
7.257399999999999807e+01
7.504099999999999682e+01
7.776800000000000068e+01
8.013899999999999579e+01
8.264700000000000557e+01
8.513899999999999579e+01
8.793900000000000716e+01
9.068800000000000239e+01
9.321699999999999875e+01
9.560900000000000887e+01
9.800300000000000011e+01
1.005080000000000098e+02
1.034690000000000083e+02
1.059060000000000059e+02
1.087800000000000011e+02
1.114159999999999968e+02
1.142500000000000000e+02
1.166509999999999962e+02
1.190630000000000024e+02
1.215240000000000009e+02
1.241449999999999960e+02
1.269249999999999972e+02
1.297969999999999970e+02
1.325809999999999889e+02
1.353540000000000134e+02
1.381080000000000041e+02
1.405330000000000155e+02
1.432870000000000061e+02
1.459610000000000127e+02
1.490150000000000148e+02
1.513750000000000000e+02
1.542040000000000077e+02
1.566769999999999925e+02
1.592299999999999898e+02
1.618360000000000127e+02
1.642930000000000064e+02
1.672340000000000089e+02
1.696610000000000014e+02
1.726059999999999945e+02
1.752280000000000086e+02
1.778040000000000020e+02
1.806049999999999898e+02
1.830929999999999893e+02
1.858840000000000146e+02
1.883089999999999975e+02
1.911670000000000016e+02
1.936670000000000016e+02
1.960159999999999911e+02
1.983470000000000084e+02
2.011349999999999909e+02
2.036220000000000141e+02
2.064869999999999948e+02
2.088950000000000102e+02
2.117690000000000055e+02
2.141779999999999973e+02
2.171140000000000043e+02
2.199240000000000066e+02
2.228439999999999941e+02
2.256589999999999918e+02
2.281779999999999973e+02
2.311550000000000011e+02
2.336620000000000061e+02
2.360140000000000100e+02
2.385349999999999966e+02
2.414070000000000107e+02
2.443849999999999909e+02
2.468890000000000100e+02
2.493489999999999895e+02
2.522500000000000000e+02
2.550649999999999977e+02
2.576809999999999832e+02
2.600559999999999832e+02
2.623949999999999818e+02
2.648319999999999936e+02
2.676999999999999886e+02
2.706250000000000000e+02
2.735149999999999864e+02
2.760529999999999973e+02
2.787239999999999895e+02
2.811630000000000109e+02
2.839100000000000250e+02
2.864290000000000305e+02
2.889329999999999927e+02
2.915840000000000032e+02
2.939270000000000209e+02
2.967200000000000273e+02
2.995380000000000109e+02
3.018430000000000177e+02
3.043260000000000218e+02
3.072529999999999859e+02
3.096279999999999859e+02
3.124390000000000214e+02
3.152200000000000273e+02
3.175729999999999791e+02
3.205369999999999777e+02
3.234350000000000023e+02
3.259460000000000264e+02
3.284460000000000264e+02
3.314220000000000255e+02
3.342889999999999873e+02
3.369499999999999886e+02
3.399180000000000064e+02
3.429159999999999968e+02
3.455380000000000109e+02
3.480459999999999923e+02
3.509499999999999886e+02
3.533829999999999814e+02
3.559010000000000105e+02
3.588489999999999895e+02
3.612309999999999945e+02
3.636820000000000164e+02
3.664259999999999877e+02
3.689150000000000205e+02
3.718340000000000032e+02
3.748369999999999891e+02
3.773489999999999895e+02
3.798700000000000045e+02
3.822149999999999750e+02
3.848380000000000223e+02
3.873559999999999945e+02
3.897289999999999850e+02
3.926240000000000236e+02
3.950190000000000055e+02
3.975040000000000191e+02
4.004759999999999991e+02
4.028220000000000027e+02
4.054619999999999891e+02
4.078330000000000268e+02
4.107069999999999936e+02
4.136200000000000045e+02
4.165579999999999927e+02
4.193849999999999909e+02
4.221840000000000259e+02
4.245980000000000132e+02
4.269920000000000186e+02
4.293940000000000055e+02
4.322309999999999945e+02
4.352210000000000036e+02
4.380559999999999832e+02
4.410269999999999868e+02
4.434470000000000027e+02
4.459590000000000032e+02
4.484180000000000064e+02
4.510240000000000009e+02
4.539279999999999973e+02
4.563720000000000141e+02
4.586850000000000023e+02
4.610339999999999918e+02
4.638600000000000136e+02
4.664479999999999791e+02
4.689230000000000018e+02
4.718629999999999995e+02
4.742470000000000141e+02
4.770500000000000114e+02
4.799909999999999854e+02
4.825120000000000005e+02
4.850749999999999886e+02
4.876680000000000064e+02
4.900529999999999973e+02
4.925249999999999773e+02
4.948570000000000277e+02
4.975040000000000191e+02
5.000090000000000146e+02
5.023589999999999804e+02
5.052269999999999754e+02
5.078589999999999804e+02
5.104060000000000059e+02
5.127789999999999964e+02
5.157050000000000409e+02
5.185190000000000055e+02
5.214160000000000537e+02
5.239049999999999727e+02
5.262690000000000055e+02
