0.000000000000000000e+00
1.910000000000000309e-01
1.930000000000000326e-01
1.940000000000000335e-01
1.950000000000000344e-01
1.960000000000000353e-01
1.979999999999999816e-01
1.989999999999999825e-01
1.999999999999999833e-01
2.019999999999999851e-01
2.029999999999999860e-01
2.049999999999999878e-01
2.059999999999999887e-01
2.069999999999999896e-01
2.069999999999999896e-01
2.079999999999999905e-01
2.089999999999999913e-01
2.089999999999999913e-01
2.099999999999999922e-01
3.578999999999999737e+00
7.588000000000000078e+00
1.166699999999999982e+01
1.615500000000000114e+01
2.045599999999999952e+01
2.443400000000000105e+01
2.870299999999999940e+01
3.237199999999999989e+01
3.579899999999999949e+01
3.916299999999999670e+01
4.274799999999999756e+01
4.688499999999999801e+01
5.019299999999999784e+01
5.400399999999999778e+01
5.782699999999999818e+01
6.124299999999999500e+01
6.533100000000000307e+01
6.935099999999999909e+01
7.291700000000000159e+01
7.617600000000000193e+01
7.986599999999999966e+01
8.390200000000000102e+01
8.772700000000000387e+01
9.107699999999999818e+01
9.446500000000000341e+01
9.867000000000000171e+01
1.027519999999999953e+02
1.063939999999999912e+02
1.102860000000000014e+02
1.140469999999999970e+02
1.179179999999999922e+02
1.212999999999999972e+02
1.250409999999999968e+02
1.285999999999999943e+02
1.325900000000000034e+02
1.362750000000000057e+02
1.404000000000000057e+02
1.446459999999999866e+02
1.486020000000000039e+02
1.523619999999999948e+02
1.559749999999999943e+02
1.598700000000000045e+02
1.635180000000000007e+02
1.670049999999999955e+02
1.709909999999999854e+02
1.748449999999999989e+02
1.787299999999999898e+02
1.822930000000000064e+02
1.859869999999999948e+02
1.897369999999999948e+02
1.934749999999999943e+02
1.975900000000000034e+02
2.015709999999999980e+02
2.050060000000000002e+02
2.084360000000000070e+02
2.118669999999999902e+02
2.161490000000000009e+02
2.195910000000000082e+02
2.230919999999999845e+02
2.263189999999999884e+02
2.297760000000000105e+02
2.333909999999999911e+02
2.372150000000000034e+02
2.410360000000000014e+02
2.444410000000000025e+02
2.487609999999999957e+02
2.521450000000000102e+02
2.561159999999999854e+02
2.602799999999999727e+02
2.638779999999999859e+02
2.675099999999999909e+02
2.715790000000000077e+02
2.750729999999999791e+02
2.787950000000000159e+02
2.827900000000000205e+02
2.865059999999999718e+02
2.907719999999999914e+02
2.942180000000000177e+02
2.985040000000000191e+02
3.024320000000000164e+02
3.063410000000000082e+02
3.101159999999999854e+02
3.142409999999999854e+02
3.182300000000000182e+02
3.221360000000000241e+02
3.266320000000000050e+02
3.301139999999999759e+02
3.336059999999999945e+02
3.378410000000000082e+02
3.411390000000000100e+02
3.444379999999999882e+02
3.485679999999999836e+02
3.527330000000000041e+02
3.562060000000000173e+02
3.596700000000000159e+02
3.629850000000000136e+02
3.663199999999999932e+02
3.703340000000000032e+02
3.744089999999999918e+02
3.781499999999999773e+02
3.820989999999999895e+02
3.863329999999999700e+02
3.903809999999999718e+02
3.946259999999999764e+02
3.981759999999999877e+02
4.015350000000000250e+02
4.058070000000000164e+02
4.093559999999999945e+02
4.128829999999999814e+02
4.171129999999999995e+02
4.205110000000000241e+02
4.247169999999999845e+02
4.281589999999999918e+02
4.317019999999999982e+02
4.350550000000000068e+02
4.386320000000000050e+02
4.429060000000000059e+02
4.467269999999999754e+02
4.509929999999999950e+02
4.544300000000000068e+02
4.579150000000000205e+02
4.618410000000000082e+02
4.662239999999999895e+02
4.701229999999999905e+02
4.744750000000000227e+02
4.781349999999999909e+02
4.819689999999999941e+02
4.857900000000000205e+02
4.899429999999999836e+02
4.936170000000000186e+02
4.972919999999999732e+02
5.012189999999999941e+02
5.045480000000000018e+02
5.084510000000000218e+02
5.118130000000000450e+02
5.152810000000000628e+02
5.185090000000000146e+02
5.221570000000000391e+02
5.255760000000000218e+02
5.290520000000000209e+02
5.324290000000000873e+02
5.362520000000000664e+02
5.404580000000000837e+02
5.441890000000000782e+02
5.478960000000000719e+02
5.519220000000000255e+02
5.559780000000000655e+02
5.598850000000001046e+02
5.635520000000000209e+02
5.676370000000000573e+02
5.712660000000000764e+02
5.753000000000000682e+02
5.793880000000000337e+02
5.828360000000000127e+02
5.862330000000000609e+02
5.901140000000000327e+02
5.936080000000000609e+02
5.981270000000000664e+02
6.017320000000000846e+02
6.058750000000000000e+02
6.100480000000000018e+02
6.134790000000000418e+02
6.174580000000000837e+02
6.212150000000000318e+02
6.244830000000000609e+02
6.277960000000000491e+02
6.312500000000000000e+02
6.352190000000000509e+02
6.393940000000000055e+02
6.429670000000000982e+02
6.471080000000000609e+02
6.503990000000000009e+02
6.538269999999999982e+02
6.579759999999999991e+02
6.619890000000000327e+02
6.658200000000000500e+02
6.693310000000000173e+02
6.735810000000000173e+02
6.774050000000000864e+02
6.815920000000000982e+02
6.853650000000000091e+02
6.895340000000001055e+02
