0.000000000000000000e+00
5.199999999999999067e-02
5.199999999999999067e-02
5.299999999999999156e-02
5.399999999999999245e-02
5.399999999999999245e-02
5.499999999999999334e-02
5.599999999999999423e-02
5.699999999999999512e-02
5.699999999999999512e-02
5.799999999999999600e-02
5.799999999999999600e-02
5.899999999999999689e-02
5.999999999999999778e-02
6.099999999999999867e-02
6.099999999999999867e-02
6.199999999999999956e-02
6.300000000000000044e-02
6.300000000000000044e-02
7.690000000000000169e-01
6.020999999999999908e+00
1.107400000000000162e+01
1.593200000000000216e+01
2.079700000000000060e+01
2.600200000000000244e+01
3.121000000000000085e+01
3.606199999999999761e+01
4.129599999999999937e+01
4.665400000000000347e+01
5.143299999999999983e+01
5.667000000000000171e+01
6.187400000000000233e+01
6.727399999999998670e+01
7.228999999999999204e+01
7.708599999999999852e+01
8.193499999999998806e+01
8.714600000000000080e+01
9.237599999999999056e+01
9.714099999999999113e+01
1.037129999999999939e+02
1.094669999999999987e+02
1.146719999999999970e+02
1.215199999999999960e+02
1.267149999999999892e+02
1.318200000000000216e+02
1.382410000000000139e+02
1.441050000000000182e+02
1.509390000000000214e+02
1.578610000000000184e+02
1.637470000000000141e+02
1.689270000000000209e+02
1.745649999999999977e+02
1.813290000000000077e+02
1.877849999999999966e+02
1.935040000000000191e+02
1.989830000000000041e+02
2.039720000000000084e+02
2.088930000000000007e+02
2.141970000000000027e+02
2.196179999999999950e+02
2.255049999999999955e+02
2.305620000000000118e+02
2.359939999999999998e+02
2.411140000000000043e+02
2.460930000000000177e+02
2.537460000000000093e+02
2.612620000000000005e+02
2.686829999999999927e+02
2.763919999999999959e+02
2.820430000000000064e+02
2.874979999999999905e+02
2.930319999999999823e+02
2.984619999999999891e+02
3.044079999999999586e+02
3.105329999999999586e+02
3.164219999999999686e+02
3.225909999999999513e+02
3.279359999999999786e+02
3.334399999999999977e+02
3.387479999999999905e+02
3.442450000000000045e+02
3.500079999999999814e+02
3.555639999999999645e+02
3.615219999999999914e+02
3.667269999999999754e+02
3.722279999999999518e+02
3.801229999999999905e+02
3.876490000000000009e+02
3.949209999999999923e+02
4.024399999999999977e+02
4.083750000000000000e+02
4.136009999999999991e+02
4.193059999999999832e+02
4.247189999999999941e+02
4.303909999999999627e+02
4.359169999999999732e+02
4.414060000000000059e+02
4.466299999999999955e+02
4.522210000000000036e+02
4.580809999999999604e+02
4.634099999999999682e+02
4.689569999999999936e+02
4.745099999999999909e+02
4.803589999999999804e+02
4.859919999999999618e+02
4.916149999999999523e+02
4.976189999999999714e+02
5.027690000000000055e+02
5.081939999999999600e+02
5.138010000000000446e+02
5.193079999999999927e+02
5.253860000000000809e+02
5.306150000000000091e+02
5.361280000000000427e+02
5.417820000000000391e+02
5.480850000000000364e+02
5.535339999999999918e+02
5.590080000000000382e+02
5.641490000000000009e+02
5.693540000000000418e+02
5.745740000000000691e+02
5.797219999999999800e+02
5.846570000000000391e+02
5.902230000000000700e+02
5.955120000000000573e+02
6.011870000000000118e+02
6.063400000000000318e+02
6.120090000000000146e+02
6.173580000000000609e+02
6.226550000000000864e+02
6.285500000000000682e+02
6.339000000000000909e+02
6.390030000000000427e+02
6.438520000000000891e+02
6.488620000000000800e+02
6.541050000000000182e+02
6.595790000000000646e+02
6.655800000000000409e+02
6.721840000000000828e+02
6.790070000000000618e+02
6.839540000000000646e+02
6.887160000000000082e+02
6.934120000000000346e+02
6.981500000000000909e+02
7.032649999999999864e+02
7.084260000000000446e+02
7.137789999999999964e+02
7.186470000000000482e+02
7.238280000000000882e+02
7.285550000000000637e+02
7.334150000000000773e+02
7.381829999999999927e+02
7.436040000000000418e+02
7.487760000000000673e+02
7.540170000000000528e+02
7.592680000000000291e+02
7.641130000000000564e+02
7.693280000000000882e+02
7.742480000000000473e+02
7.790930000000000746e+02
7.839990000000000236e+02
7.888570000000000846e+02
7.937750000000000909e+02
7.987359999999999900e+02
8.036280000000000427e+02
8.085439999999999827e+02
8.134990000000000236e+02
8.187760000000000673e+02
8.240110000000000809e+02
8.293010000000000446e+02
8.343890000000000100e+02
8.394690000000000509e+02
8.442870000000000346e+02
8.493179999999999836e+02
8.545950000000000273e+02
8.594510000000000218e+02
8.647510000000000900e+02
8.695940000000000509e+02
8.744850000000000136e+02
8.798120000000000118e+02
8.851760000000000446e+02
8.901460000000000719e+02
8.950320000000000391e+02
9.003630000000000564e+02
9.054270000000000209e+02
9.103690000000000282e+02
9.152860000000000582e+02
9.201779999999999973e+02
9.255149999999999864e+02
9.308720000000000709e+02
9.361700000000000728e+02
9.411260000000000900e+02
9.464410000000000309e+02
9.514700000000000273e+02
9.563550000000000182e+02
9.612640000000000100e+02
9.661639999999999873e+02
9.717000000000000455e+02
9.772699999999999818e+02
9.821290000000000191e+02
9.871449999999999818e+02
