0.000000000000000000e+00
3.009999999999999898e-01
6.679999999999999272e-01
6.158000000000000362e+00
1.097000000000000064e+01
1.693799999999999883e+01
2.232900000000000063e+01
2.842699999999999960e+01
3.431700000000000017e+01
3.989500000000000313e+01
4.583500000000000085e+01
5.136099999999999710e+01
5.725800000000000267e+01
6.310600000000000165e+01
6.827099999999998658e+01
7.324199999999999022e+01
7.855099999999998772e+01
8.370199999999999818e+01
8.879599999999999227e+01
9.457299999999999329e+01
9.978399999999999181e+01
1.054929999999999950e+02
1.111079999999999899e+02
1.161759999999999877e+02
1.209169999999999874e+02
1.260959999999999894e+02
1.314419999999999789e+02
1.366560000000000059e+02
1.418340000000000032e+02
1.472599999999999909e+02
1.526490000000000009e+02
1.574929999999999950e+02
1.626749999999999829e+02
1.677219999999999800e+02
1.732570000000000050e+02
1.788460000000000036e+02
1.841399999999999864e+02
1.894830000000000041e+02
1.951389999999999816e+02
2.008160000000000025e+02
2.063139999999999930e+02
2.116239999999999952e+02
2.175769999999999982e+02
2.234360000000000070e+02
2.290900000000000034e+02
2.347429999999999950e+02
2.395879999999999939e+02
2.454609999999999843e+02
2.506479999999999961e+02
2.562860000000000014e+02
2.619240000000000350e+02
2.675850000000000364e+02
2.726910000000000309e+02
2.780220000000000482e+02
2.832120000000000459e+02
2.890090000000000146e+02
2.949510000000000218e+02
3.000560000000000400e+02
3.058509999999999991e+02
3.114399999999999977e+02
3.173090000000000259e+02
3.227890000000000441e+02
3.285610000000000355e+02
3.339500000000000455e+02
3.397789999999999964e+02
3.449750000000000227e+02
3.505140000000000100e+02
3.556920000000000073e+02
3.608070000000000164e+02
3.659430000000000405e+02
3.707560000000000286e+02
3.761110000000000468e+02
3.817210000000000036e+02
3.868260000000000218e+02
3.917840000000000487e+02
3.967220000000000368e+02
4.021100000000000136e+02
4.074610000000000127e+02
4.127900000000000205e+02
4.181880000000000450e+02
4.240500000000000114e+02
4.293700000000000045e+02
4.349020000000000437e+02
4.404310000000000400e+02
4.455870000000000459e+02
4.507210000000000036e+02
4.558810000000000286e+02
4.616009999999999991e+02
4.674790000000000418e+02
4.736040000000000418e+02
4.799700000000000273e+02
4.857429999999999950e+02
4.910070000000000050e+02
4.966280000000000427e+02
5.019920000000000186e+02
5.069380000000000450e+02
5.122379999999999427e+02
5.178689999999999145e+02
5.232679999999999154e+02
5.292579999999999245e+02
5.356970000000000027e+02
5.421959999999999127e+02
5.491219999999999573e+02
5.555609999999999218e+02
5.617439999999999145e+02
5.677719999999999345e+02
5.737160000000000082e+02
5.792039999999999509e+02
5.853969999999999345e+02
5.908619999999999663e+02
5.966829999999999927e+02
6.025860000000000127e+02
6.081329999999999245e+02
6.134189999999999827e+02
6.191809999999999263e+02
6.247869999999999209e+02
6.301200000000000045e+02
6.354479999999999791e+02
6.408600000000000136e+02
6.463739999999999100e+02
6.517269999999999754e+02
6.573410000000000082e+02
6.623739999999999100e+02
6.674579999999999700e+02
6.724819999999999709e+02
6.779779999999999518e+02
6.848489999999999327e+02
6.913569999999999709e+02
6.977319999999999709e+02
7.044759999999999991e+02
7.103840000000000146e+02
7.157409999999999854e+02
7.217880000000000109e+02
7.276179999999999382e+02
7.333170000000000073e+02
7.387949999999999591e+02
7.438029999999999973e+02
7.505129999999999200e+02
7.563589999999999236e+02
7.614219999999999118e+02
7.673609999999999900e+02
7.728379999999999654e+02
7.784619999999999891e+02
7.844589999999999463e+02
7.894729999999999563e+02
7.950849999999999227e+02
8.009329999999999927e+02
8.070149999999999864e+02
8.127749999999999773e+02
8.178859999999999673e+02
8.227069999999999936e+02
8.278609999999999900e+02
8.330229999999999109e+02
8.383209999999999127e+02
8.438550000000000182e+02
8.498179999999999836e+02
8.555109999999999673e+02
8.614180000000000064e+02
8.674409999999999172e+02
8.737149999999999181e+02
8.799069999999999254e+02
8.852819999999999254e+02
8.920539999999999736e+02
8.972690000000000055e+02
9.031259999999999764e+02
9.098039999999999736e+02
9.157019999999999982e+02
9.211119999999999663e+02
9.248629999999999427e+02
9.288460000000000036e+02
9.332999999999999545e+02
9.376200000000000045e+02
9.420720000000000027e+02
9.466200000000000045e+02
9.518899999999999864e+02
9.572679999999999154e+02
9.618840000000000146e+02
9.675520000000000209e+02
9.736959999999999127e+02
9.792149999999999181e+02
9.856109999999999900e+02
9.918049999999999500e+02
9.978919999999999391e+02
1.004754999999999995e+03
1.010150999999999954e+03
1.015376999999999953e+03
1.020653999999999996e+03
1.025995000000000118e+03
1.030891000000000076e+03
1.036179000000000087e+03
1.041412000000000035e+03
1.046538999999999987e+03
1.052365000000000009e+03
1.057721999999999980e+03
1.063181000000000040e+03
1.069066000000000031e+03
1.074320000000000164e+03
1.080123000000000047e+03
1.085548999999999978e+03
1.091447000000000116e+03
1.097185000000000173e+03
