0.000000000000000000e+00
8.200000000000000622e-01
1.665000000000000036e+00
6.499000000000000554e+00
1.134999999999999964e+01
1.619000000000000128e+01
2.106800000000000139e+01
2.609600000000000009e+01
3.068800000000000239e+01
3.543100000000000449e+01
4.076800000000000068e+01
4.607000000000000028e+01
5.163100000000000023e+01
5.646699999999999875e+01
6.120300000000000296e+01
6.631000000000000227e+01
7.151099999999999568e+01
7.687500000000000000e+01
8.155700000000000216e+01
8.631700000000000728e+01
9.112099999999999511e+01
9.615300000000000580e+01
1.007530000000000001e+02
1.061620000000000061e+02
1.115030000000000001e+02
1.162620000000000005e+02
1.219309999999999974e+02
1.265520000000000067e+02
1.313729999999999905e+02
1.366460000000000150e+02
1.418859999999999957e+02
1.474209999999999923e+02
1.530749999999999886e+02
1.578309999999999889e+02
1.633689999999999998e+02
1.682870000000000061e+02
1.736560000000000059e+02
1.782669999999999959e+02
1.840769999999999982e+02
1.897069999999999936e+02
1.946220000000000141e+02
1.993189999999999884e+02
2.049459999999999980e+02
2.104670000000000130e+02
2.153329999999999984e+02
2.207369999999999948e+02
2.258859999999999957e+02
2.314819999999999993e+02
2.361860000000000070e+02
2.412280000000000086e+02
2.469339999999999975e+02
2.523720000000000141e+02
2.577569999999999482e+02
2.629149999999999636e+02
2.682709999999999582e+02
2.737599999999999909e+02
2.782529999999999859e+02
2.830469999999999686e+02
2.882709999999999582e+02
2.936719999999999686e+02
2.985749999999999886e+02
3.032629999999999768e+02
3.080509999999999877e+02
3.127149999999999750e+02
3.176149999999999523e+02
3.224309999999999832e+02
3.278219999999999459e+02
3.334769999999999754e+02
3.383589999999999804e+02
3.432749999999999773e+02
3.480319999999999823e+02
3.530269999999999868e+02
3.585689999999999600e+02
3.636779999999999973e+02
3.687889999999999873e+02
3.742629999999999768e+02
3.789339999999999691e+02
3.837899999999999636e+02
3.884469999999999459e+02
3.941519999999999868e+02
3.992909999999999968e+02
4.050639999999999645e+02
4.098899999999999864e+02
4.152459999999999809e+02
4.210619999999999550e+02
4.258689999999999714e+02
4.309309999999999832e+02
4.365639999999999645e+02
4.411269999999999527e+02
4.465049999999999955e+02
4.511099999999999568e+02
4.565219999999999914e+02
4.613209999999999695e+02
4.660679999999999836e+02
4.711729999999999450e+02
4.765149999999999864e+02
4.811490000000000009e+02
4.860120000000000005e+02
4.914429999999999836e+02
4.960859999999999559e+02
5.013459999999999468e+02
5.068929999999999723e+02
5.124220000000000255e+02
5.171759999999999309e+02
5.224359999999999218e+02
5.271759999999999309e+02
5.320899999999999181e+02
5.371649999999999636e+02
5.419439999999999600e+02
5.468199999999999363e+02
5.521669999999999163e+02
5.568569999999999709e+02
5.625230000000000246e+02
5.676219999999999573e+02
5.722899999999999636e+02
5.776580000000000155e+02
5.821619999999999209e+02
5.869969999999999573e+02
5.918759999999999764e+02
5.966789999999999736e+02
6.014859999999999900e+02
6.064379999999999882e+02
6.117980000000000018e+02
6.172179999999999609e+02
6.225629999999999882e+02
6.275889999999999418e+02
6.331109999999999900e+02
6.377799999999999727e+02
6.431609999999999445e+02
6.484610000000000127e+02
6.530409999999999400e+02
6.587160000000000082e+02
6.636119999999999663e+02
6.684950000000000045e+02
6.737939999999999827e+02
6.790059999999999718e+02
6.845509999999999309e+02
6.899639999999999418e+02
6.948410000000000082e+02
7.004479999999999791e+02
7.052369999999999663e+02
7.107169999999999845e+02
7.158969999999999345e+02
7.206299999999999955e+02
7.254069999999999254e+02
7.310559999999999263e+02
7.365749999999999318e+02
7.420119999999999436e+02
7.469230000000000018e+02
7.522279999999999518e+02
7.579639999999999418e+02
7.629649999999999181e+02
7.678729999999999336e+02
7.725649999999999409e+02
7.780079999999999245e+02
7.830280000000000200e+02
7.887459999999999809e+02
7.942200000000000273e+02
7.989959999999999809e+02
8.039109999999999445e+02
8.095009999999999764e+02
8.142629999999999200e+02
8.189850000000000136e+02
8.247559999999999718e+02
8.296699999999999591e+02
8.344789999999999281e+02
8.396069999999999709e+02
8.449800000000000182e+02
8.500299999999999727e+02
8.550069999999999482e+02
8.607269999999999754e+02
8.656879999999999882e+02
8.715029999999999291e+02
8.769249999999999545e+02
8.820029999999999291e+02
8.874389999999999645e+02
8.924059999999999491e+02
8.977400000000000091e+02
9.026440000000000055e+02
9.081739999999999782e+02
9.135950000000000273e+02
9.183020000000000209e+02
9.231720000000000255e+02
9.279700000000000273e+02
9.331100000000000136e+02
9.381169999999999618e+02
9.434149999999999636e+02
9.489900000000000091e+02
9.544359999999999218e+02
9.600639999999999645e+02
9.658029999999999973e+02
9.710739999999999554e+02
9.766000000000000227e+02
9.817989999999999782e+02
9.877049999999999272e+02
9.933360000000000127e+02
9.992039999999999509e+02
1.004380999999999972e+03
1.009286999999999921e+03
1.014119000000000028e+03
1.019459999999999923e+03
