0.000000000000000000e+00
1.409999999999999865e-01
1.419999999999999873e-01
1.419999999999999873e-01
1.429999999999999882e-01
1.429999999999999882e-01
1.439999999999999891e-01
1.449999999999999900e-01
1.449999999999999900e-01
1.459999999999999909e-01
1.469999999999999918e-01
1.479999999999999927e-01
1.489999999999999936e-01
1.489999999999999936e-01
1.499999999999999944e-01
1.509999999999999953e-01
1.519999999999999962e-01
1.519999999999999962e-01
1.529999999999999971e-01
1.539999999999999980e-01
1.549999999999999989e-01
1.559999999999999998e-01
1.559999999999999998e-01
1.570000000000000007e-01
1.580000000000000016e-01
1.580000000000000016e-01
1.590000000000000024e-01
1.600000000000000033e-01
1.600000000000000033e-01
1.620000000000000051e-01
1.630000000000000060e-01
1.640000000000000069e-01
1.650000000000000078e-01
1.670000000000000095e-01
1.680000000000000104e-01
1.680000000000000104e-01
1.690000000000000113e-01
1.700000000000000122e-01
1.700000000000000122e-01
1.710000000000000131e-01
1.720000000000000140e-01
1.720000000000000140e-01
1.730000000000000149e-01
1.740000000000000158e-01
1.740000000000000158e-01
1.750000000000000167e-01
1.760000000000000175e-01
1.760000000000000175e-01
1.770000000000000184e-01
1.780000000000000193e-01
1.789999999999999647e-01
1.789999999999999647e-01
1.799999999999999656e-01
1.809999999999999665e-01
1.819999999999999674e-01
1.829999999999999682e-01
1.839999999999999691e-01
1.839999999999999691e-01
1.849999999999999700e-01
1.859999999999999709e-01
1.869999999999999718e-01
1.869999999999999718e-01
1.879999999999999727e-01
1.889999999999999736e-01
1.899999999999999745e-01
1.899999999999999745e-01
1.909999999999999754e-01
1.909999999999999754e-01
1.919999999999999762e-01
1.929999999999999771e-01
1.929999999999999771e-01
1.939999999999999780e-01
1.939999999999999780e-01
1.949999999999999789e-01
1.959999999999999798e-01
1.278000000000000114e+01
2.777800000000000225e+01
4.011699999999999733e+01
5.244800000000000040e+01
6.464999999999999147e+01
7.713400000000000034e+01
8.965099999999999625e+01
1.022009999999999934e+02
1.146969999999999885e+02
1.268299999999999983e+02
1.390109999999999957e+02
1.517379999999999995e+02
1.638400000000000034e+02
1.759989999999999952e+02
1.883250000000000171e+02
2.008830000000000098e+02
2.130109999999999957e+02
2.251160000000000139e+02
2.376500000000000057e+02
2.497940000000000111e+02
2.620240000000000009e+02
2.741399999999999864e+02
2.866759999999999877e+02
2.992139999999999986e+02
3.114499999999999886e+02
3.237769999999999868e+02
3.363319999999999936e+02
3.488750000000000000e+02
3.613999999999999773e+02
3.736069999999999709e+02
3.862789999999999964e+02
3.990190000000000055e+02
4.111629999999999541e+02
4.237609999999999673e+02
4.359749999999999659e+02
4.486800000000000068e+02
4.614110000000000014e+02
4.736309999999999718e+02
4.858559999999999945e+02
4.986080000000000041e+02
5.113019999999999641e+02
5.237970000000000255e+02
5.359039999999999964e+02
5.484850000000000136e+02
5.610289999999999964e+02
5.732450000000000045e+02
5.858029999999999973e+02
5.984870000000000800e+02
6.106280000000000427e+02
6.227490000000000236e+02
6.354400000000000546e+02
6.481440000000000055e+02
6.607130000000000791e+02
6.729429999999999836e+02
6.851080000000000609e+02
6.975840000000000600e+02
7.099189999999999827e+02
7.224880000000000564e+02
7.349770000000000891e+02
7.471270000000000664e+02
7.593380000000000791e+02
7.715869999999999891e+02
7.843269999999999982e+02
7.968630000000000564e+02
8.092050000000000409e+02
8.213029999999999973e+02
8.338240000000000691e+02
8.463220000000000027e+02
8.588750000000000000e+02
8.710060000000000855e+02
8.835410000000000537e+02
8.957580000000000382e+02
9.082860000000000582e+02
9.205180000000000291e+02
9.332430000000000518e+02
9.459830000000000609e+02
9.585220000000000482e+02
9.713179999999999836e+02
9.836539999999999964e+02
9.963490000000000464e+02
1.008886000000000081e+03
1.021120999999999981e+03
1.033468000000000075e+03
1.045615999999999985e+03
1.057821000000000140e+03
1.070355000000000018e+03
1.083045000000000073e+03
1.095171000000000049e+03
1.107386999999999944e+03
1.119492999999999938e+03
1.132053000000000111e+03
1.144568999999999960e+03
1.157316000000000031e+03
1.169412000000000035e+03
1.181742999999999938e+03
1.194072000000000116e+03
1.206240999999999985e+03
1.218363000000000056e+03
1.230569999999999936e+03
1.243100000000000136e+03
1.255661000000000058e+03
1.267877999999999929e+03
1.280125000000000000e+03
1.292236000000000104e+03
1.304798999999999978e+03
1.317527000000000044e+03
1.329740999999999985e+03
1.341959000000000060e+03
1.354091000000000122e+03
1.366787000000000035e+03
1.379333000000000084e+03
1.391673000000000002e+03
1.403788000000000011e+03
1.416028999999999996e+03
1.428564000000000078e+03
1.440701000000000022e+03
1.453391000000000076e+03
1.466125000000000000e+03
1.478447000000000116e+03
1.490547000000000025e+03
1.502702999999999975e+03
1.514931000000000040e+03
1.527672000000000025e+03
1.540045000000000073e+03
1.552168000000000120e+03
1.564314000000000078e+03
