1.100000000000000089e+00
2.500000000000000000e+00
3.649999999999999911e+00
4.599999999999999645e+00
5.750000000000000000e+00
6.799999999999999822e+00
7.799999999999999822e+00
8.400000000000000355e+00
9.199999999999999289e+00
9.699999999999999289e+00
1.025000000000000000e+01
1.090000000000000036e+01
1.165000000000000036e+01
1.234999999999999964e+01
1.309999999999999964e+01
1.365000000000000036e+01
1.434999999999999964e+01
1.490000000000000036e+01
1.550000000000000000e+01
1.630000000000000071e+01
1.714999999999999858e+01
1.805000000000000071e+01
1.875000000000000000e+01
1.935000000000000142e+01
1.980000000000000071e+01
2.035000000000000142e+01
2.094999999999999929e+01
2.135000000000000142e+01
2.164999999999999858e+01
2.214999999999999858e+01
2.235000000000000142e+01
2.280000000000000071e+01
2.300000000000000000e+01
2.355000000000000071e+01
2.394999999999999929e+01
2.435000000000000142e+01
2.455000000000000071e+01
2.494999999999999929e+01
2.519999999999999929e+01
2.544999999999999929e+01
2.575000000000000000e+01
2.600000000000000000e+01
2.625000000000000000e+01
2.655000000000000071e+01
2.680000000000000071e+01
2.714999999999999858e+01
2.735000000000000142e+01
2.764999999999999858e+01
2.800000000000000000e+01
2.835000000000000142e+01
2.864999999999999858e+01
2.889999999999999858e+01
2.910000000000000142e+01
2.935000000000000142e+01
2.944999999999999929e+01
2.980000000000000071e+01
3.000000000000000000e+01
3.019999999999999929e+01
3.044999999999999929e+01
3.064999999999999858e+01
3.085000000000000142e+01
3.100000000000000000e+01
3.114999999999999858e+01
3.130000000000000071e+01
3.144999999999999929e+01
3.164999999999999858e+01
3.194999999999999929e+01
3.214999999999999858e+01
3.229999999999999716e+01
3.235000000000000142e+01
3.245000000000000284e+01
3.254999999999999716e+01
3.264999999999999858e+01
3.295000000000000284e+01
3.320000000000000284e+01
3.339999999999999858e+01
3.350000000000000000e+01
3.364999999999999858e+01
3.395000000000000284e+01
3.404999999999999716e+01
3.435000000000000142e+01
3.454999999999999716e+01
3.460000000000000142e+01
3.475000000000000000e+01
3.485000000000000142e+01
3.504999999999999716e+01
3.525000000000000000e+01
3.539999999999999858e+01
3.554999999999999716e+01
3.579999999999999716e+01
3.589999999999999858e+01
3.610000000000000142e+01
3.620000000000000284e+01
3.635000000000000142e+01
3.650000000000000000e+01
3.670000000000000284e+01
3.675000000000000000e+01
3.689999999999999858e+01
3.704999999999999716e+01
3.714999999999999858e+01
3.725000000000000000e+01
3.729999999999999716e+01
3.739999999999999858e+01
3.750000000000000000e+01
3.754999999999999716e+01
3.764999999999999858e+01
3.775000000000000000e+01
3.789999999999999858e+01
3.804999999999999716e+01
3.825000000000000000e+01
3.845000000000000284e+01
3.864999999999999858e+01
3.879999999999999716e+01
3.889999999999999858e+01
3.904999999999999716e+01
3.920000000000000284e+01
3.935000000000000142e+01
3.939999999999999858e+01
3.945000000000000284e+01
3.960000000000000142e+01
3.975000000000000000e+01
3.985000000000000142e+01
4.000000000000000000e+01
4.029999999999999716e+01
4.039999999999999858e+01
4.054999999999999716e+01
4.070000000000000284e+01
4.089999999999999858e+01
4.114999999999999858e+01
4.129999999999999716e+01
4.139999999999999858e+01
4.164999999999999858e+01
4.175000000000000000e+01
4.189999999999999858e+01
4.204999999999999716e+01
4.220000000000000284e+01
4.239999999999999858e+01
4.260000000000000142e+01
4.260000000000000142e+01
4.264999999999999858e+01
4.279999999999999716e+01
4.295000000000000284e+01
4.314999999999999858e+01
4.329999999999999716e+01
4.345000000000000284e+01
4.354999999999999716e+01
4.379999999999999716e+01
4.400000000000000000e+01
4.420000000000000284e+01
4.429999999999999716e+01
4.435000000000000142e+01
4.439999999999999858e+01
4.445000000000000284e+01
4.464999999999999858e+01
4.470000000000000284e+01
4.475000000000000000e+01
4.489999999999999858e+01
4.495000000000000284e+01
4.510000000000000142e+01
4.520000000000000284e+01
4.520000000000000284e+01
4.529999999999999716e+01
4.529999999999999716e+01
4.545000000000000284e+01
4.545000000000000284e+01
4.554999999999999716e+01
4.554999999999999716e+01
4.564999999999999858e+01
4.570000000000000284e+01
4.579999999999999716e+01
4.595000000000000284e+01
4.620000000000000284e+01
4.625000000000000000e+01
4.635000000000000142e+01
4.645000000000000284e+01
4.650000000000000000e+01
4.654999999999999716e+01
4.660000000000000142e+01
4.679999999999999716e+01
4.689999999999999858e+01
4.714999999999999858e+01
4.725000000000000000e+01
4.735000000000000142e+01
4.750000000000000000e+01
4.764999999999999858e+01
4.764999999999999858e+01
4.775000000000000000e+01
4.785000000000000142e+01
4.795000000000000284e+01
4.800000000000000000e+01
4.800000000000000000e+01
4.804999999999999716e+01
4.820000000000000284e+01
4.829999999999999716e+01
4.845000000000000284e+01
4.850000000000000000e+01
4.850000000000000000e+01
4.850000000000000000e+01
4.870000000000000284e+01
4.879999999999999716e+01
