7.348469228349534532e-01
1.122497216032182443e+00
1.161895003862225106e+00
1.479864858694874163e+00
1.819340539866025397e+00
2.009975124224177900e+00
2.364318083507377821e+00
2.336664289109584569e+00
2.437211521390788338e+00
2.815581645060217575e+00
3.070423423568808374e+00
3.064310689208912919e+00
3.232259271778797238e+00
3.603817420458478527e+00
3.542245050811702267e+00
3.496784236981171912e+00
3.522782990761707644e+00
3.522782990761707644e+00
3.476708213238493883e+00
3.443835071544512960e+00
3.409912022325502612e+00
3.374907406137241495e+00
3.316624790355399810e+00
3.395217224272991441e+00
3.519588044075613098e+00
3.551056180912940174e+00
3.774586070021452855e+00
3.809199390948182273e+00
3.828837943815329048e+00
3.793415347678131599e+00
3.987480407475377131e+00
4.077683165720456415e+00
4.057092555020158642e+00
4.063249930782008690e+00
4.031128874149274566e+00
4.031128874149274566e+00
4.103656905736637661e+00
4.065402809070707946e+00
4.060480267160524015e+00
4.007492981902775142e+00
4.007492981902775142e+00
3.990927210561475924e+00
4.092370950928080120e+00
3.993432107849086865e+00
4.053085244600709736e+00
4.032369030731191017e+00
4.032369030731191017e+00
4.072775466435634151e+00
4.026164427839479032e+00
4.018395202067611471e+00
4.055859958134649723e+00
4.030818775385467845e+00
4.017461885320133597e+00
3.976179070414208372e+00
4.072775466435634151e+00
3.923009049186606312e+00
3.853245385386194322e+00
3.853245385386194322e+00
3.798354907061740171e+00
3.798354907061740171e+00
3.739986630992148342e+00
3.848376280978771380e+00
3.848376280978771380e+00
3.848376280978771380e+00
3.848376280978771380e+00
3.889408695418881123e+00
3.904804732633886832e+00
3.892300091205712853e+00
3.866199684444661777e+00
4.028337125911881422e+00
4.028337125911881422e+00
4.028337125911881422e+00
4.028337125911881422e+00
3.919183588453085232e+00
3.915035121170690413e+00
3.840247387864484718e+00
3.768288736283354368e+00
3.672873534441391197e+00
3.648287269390939613e+00
3.653423052426312712e+00
3.718534657630610862e+00
3.789459064299283142e+00
3.718534657630610418e+00
3.734635189680512113e+00
3.761316258971053372e+00
3.762977544445355704e+00
3.769615364994153062e+00
3.761316258971053816e+00
3.666060555964672396e+00
3.631459761583487378e+00
3.586084215408221532e+00
3.442019755899143441e+00
3.405877273185279996e+00
3.398161267509239192e+00
3.505709628591620497e+00
3.589916433567778675e+00
3.589916433567778675e+00
3.620773398046334801e+00
3.595483277669359268e+00
3.527038417709679852e+00
3.485326383568688957e+00
3.442382895611701077e+00
3.542245050811702711e+00
3.541186241925154743e+00
3.482456029873169712e+00
3.436568055487916773e+00
3.404041715373065102e+00
3.515679166249388921e+00
3.468068626771967367e+00
3.470950878361720449e+00
3.412843389316304155e+00
3.558089374931439064e+00
3.561951712193751618e+00
3.536947836765479192e+00
3.625948151863179092e+00
3.639711527030678795e+00
3.595483277669359268e+00
3.519588044075613098e+00
3.519588044075613098e+00
3.558089374931439064e+00
3.645545226711636833e+00
3.612132334231402453e+00
3.714835124201341987e+00
3.627671429443410922e+00
3.631459761583487378e+00
3.593048844644336715e+00
3.581549943809244407e+00
3.639711527030679239e+00
3.720215047547654752e+00
3.650684867254362143e+00
3.650684867254362143e+00
3.659234892706397346e+00
3.591656999213594048e+00
3.590264614203248161e+00
3.613862199918529861e+00
3.672533185690770807e+00
3.581549943809244407e+00
3.542245050811702267e+00
3.514256678161115754e+00
3.625948151863179092e+00
3.581549943809244407e+00
3.551056180912941063e+00
3.501428280002319315e+00
3.548238999842034502e+00
3.714835124201341987e+00
3.707762128292482195e+00
3.789459064299283142e+00
3.863612299390299931e+00
3.681032463861192205e+00
3.681032463861192205e+00
3.639711527030679239e+00
3.639711527030679239e+00
3.611094017053558147e+00
3.689173349139343472e+00
3.672533185690770807e+00
3.627671429443410922e+00
3.636963018783666346e+00
3.659234892706397346e+00
3.694252292413175542e+00
3.701351104664349467e+00
3.701351104664349467e+00
3.659234892706396902e+00
3.650684867254362143e+00
3.606937759374286845e+00
3.606937759374286845e+00
3.569313659514949943e+00
3.569313659514949943e+00
3.734969879396619508e+00
3.734635189680513001e+00
3.771935842508459480e+00
3.841874542459709385e+00
3.747999466382032185e+00
3.740320841853008726e+00
3.762977544445355704e+00
3.742993454442580248e+00
3.705064102009572036e+00
3.666060555964672396e+00
3.639711527030679239e+00
3.705064102009572036e+00
3.793085815006035144e+00
3.847076812334269125e+00
3.935733730830885069e+00
3.944616584663203973e+00
3.915035121170689525e+00
4.153311931459037432e+00
4.153311931459037432e+00
4.140048308896891349e+00
4.220189569201838076e+00
4.202380277890139126e+00
4.162631379308044721e+00
4.162631379308044721e+00
4.170131892398608819e+00
4.140953996363640144e+00
4.040730132042969380e+00
4.026164427839479032e+00
4.065402809070707946e+00
4.065402809070707946e+00
4.065402809070707946e+00
4.116734142496937920e+00
4.065402809070707946e+00
