5.999999999999999778e-01
1.199999999999999956e+00
1.500000000000000000e+00
1.899999999999999911e+00
2.299999999999999822e+00
2.600000000000000089e+00
2.899999999999999911e+00
3.200000000000000178e+00
3.399999999999999911e+00
3.649999999999999911e+00
3.850000000000000089e+00
3.899999999999999911e+00
4.049999999999999822e+00
4.250000000000000000e+00
4.549999999999999822e+00
4.650000000000000355e+00
4.700000000000000178e+00
4.700000000000000178e+00
4.750000000000000000e+00
4.799999999999999822e+00
4.849999999999999645e+00
4.900000000000000355e+00
5.000000000000000000e+00
5.150000000000000355e+00
5.250000000000000000e+00
5.299999999999999822e+00
5.549999999999999822e+00
5.700000000000000178e+00
5.799999999999999822e+00
5.900000000000000355e+00
6.000000000000000000e+00
6.150000000000000355e+00
6.200000000000000178e+00
6.299999999999999822e+00
6.500000000000000000e+00
6.500000000000000000e+00
6.599999999999999645e+00
6.650000000000000355e+00
6.750000000000000000e+00
6.799999999999999822e+00
6.799999999999999822e+00
6.849999999999999645e+00
6.950000000000000178e+00
7.049999999999999822e+00
7.150000000000000355e+00
7.200000000000000178e+00
7.200000000000000178e+00
7.250000000000000000e+00
7.299999999999999822e+00
7.450000000000000178e+00
7.500000000000000000e+00
7.549999999999999822e+00
7.599999999999999645e+00
7.700000000000000178e+00
7.750000000000000000e+00
7.900000000000000355e+00
7.950000000000000178e+00
7.950000000000000178e+00
8.150000000000000355e+00
8.150000000000000355e+00
8.250000000000000000e+00
8.300000000000000711e+00
8.300000000000000711e+00
8.300000000000000711e+00
8.300000000000000711e+00
8.349999999999999645e+00
8.449999999999999289e+00
8.500000000000000000e+00
8.550000000000000711e+00
8.650000000000000355e+00
8.650000000000000355e+00
8.650000000000000355e+00
8.650000000000000355e+00
8.800000000000000711e+00
8.849999999999999645e+00
8.949999999999999289e+00
9.000000000000000000e+00
9.099999999999999645e+00
9.300000000000000711e+00
9.449999999999999289e+00
9.650000000000000355e+00
9.800000000000000711e+00
9.849999999999999645e+00
9.949999999999999289e+00
1.005000000000000071e+01
1.019999999999999929e+01
1.030000000000000071e+01
1.044999999999999929e+01
1.059999999999999964e+01
1.075000000000000000e+01
1.080000000000000071e+01
1.094999999999999929e+01
1.100000000000000000e+01
1.105000000000000071e+01
1.109999999999999964e+01
1.125000000000000000e+01
1.125000000000000000e+01
1.130000000000000071e+01
1.134999999999999964e+01
1.140000000000000036e+01
1.144999999999999929e+01
1.150000000000000000e+01
1.155000000000000071e+01
1.159999999999999964e+01
1.165000000000000036e+01
1.169999999999999929e+01
1.175000000000000000e+01
1.180000000000000071e+01
1.184999999999999964e+01
1.194999999999999929e+01
1.205000000000000071e+01
1.219999999999999929e+01
1.225000000000000000e+01
1.230000000000000071e+01
1.244999999999999929e+01
1.255000000000000071e+01
1.265000000000000036e+01
1.275000000000000000e+01
1.275000000000000000e+01
1.280000000000000071e+01
1.290000000000000036e+01
1.294999999999999929e+01
1.300000000000000000e+01
1.319999999999999929e+01
1.325000000000000000e+01
1.330000000000000071e+01
1.334999999999999964e+01
1.344999999999999929e+01
1.359999999999999964e+01
1.365000000000000036e+01
1.365000000000000036e+01
1.390000000000000036e+01
1.400000000000000000e+01
1.409999999999999964e+01
1.419999999999999929e+01
1.425000000000000000e+01
1.434999999999999964e+01
1.444999999999999929e+01
1.450000000000000000e+01
1.455000000000000071e+01
1.465000000000000036e+01
1.469999999999999929e+01
1.480000000000000071e+01
1.490000000000000036e+01
1.500000000000000000e+01
1.505000000000000071e+01
1.519999999999999929e+01
1.534999999999999964e+01
1.550000000000000000e+01
1.550000000000000000e+01
1.555000000000000071e+01
1.555000000000000071e+01
1.559999999999999964e+01
1.569999999999999929e+01
1.575000000000000000e+01
1.580000000000000071e+01
1.584999999999999964e+01
1.590000000000000036e+01
1.594999999999999929e+01
1.600000000000000000e+01
1.600000000000000000e+01
1.610000000000000142e+01
1.614999999999999858e+01
1.630000000000000071e+01
1.630000000000000071e+01
1.639999999999999858e+01
1.639999999999999858e+01
1.650000000000000000e+01
1.655000000000000071e+01
1.664999999999999858e+01
1.680000000000000071e+01
1.705000000000000071e+01
1.710000000000000142e+01
1.719999999999999929e+01
1.730000000000000071e+01
1.735000000000000142e+01
1.739999999999999858e+01
1.744999999999999929e+01
1.764999999999999858e+01
1.775000000000000000e+01
1.800000000000000000e+01
1.810000000000000142e+01
1.819999999999999929e+01
1.835000000000000142e+01
1.850000000000000000e+01
1.850000000000000000e+01
1.860000000000000142e+01
1.869999999999999929e+01
1.880000000000000071e+01
1.885000000000000142e+01
1.885000000000000142e+01
1.889999999999999858e+01
1.905000000000000071e+01
1.914999999999999858e+01
1.930000000000000071e+01
1.935000000000000142e+01
1.935000000000000142e+01
1.935000000000000142e+01
1.955000000000000071e+01
1.964999999999999858e+01
