7.681145747868608487e-01
1.360147050873544261e+00
1.525614630239235936e+00
1.854723699099140921e+00
2.255548713727992372e+00
2.580697580112788270e+00
3.009983388658481918e+00
3.277193921634788065e+00
3.668787265568828726e+00
4.038564101261734152e+00
4.403123891057347805e+00
4.938623289946298733e+00
5.552251795442999516e+00
6.166644144103014646e+00
6.526101439603892551e+00
6.973342096871485651e+00
7.643788327786163350e+00
8.160269603389338045e+00
8.674675786448736048e+00
9.418598621875760912e+00
1.015024630243030046e+01
1.095205460176308776e+01
1.155367906772556985e+01
1.204273640000477563e+01
1.240000000000000036e+01
1.290455345992258529e+01
1.326452034564386473e+01
1.350287006528611933e+01
1.386100645696408407e+01
1.434668951361253697e+01
1.460231146086125698e+01
1.498198918702052929e+01
1.511290838985005003e+01
1.560600845828298056e+01
1.592003454770120641e+01
1.646291286498230733e+01
1.675552147800837588e+01
1.723216469280629681e+01
1.749171232326898107e+01
1.780582769769493368e+01
1.826437789797396860e+01
1.852565788305505734e+01
1.880126325543047017e+01
1.901440243604831437e+01
1.936130160913775100e+01
1.981987638710191391e+01
2.014019612615527777e+01
2.063558819127770860e+01
2.115419580130618016e+01
2.163394323742206637e+01
2.203468856144783317e+01
2.236492790062154512e+01
2.271981514009301861e+01
2.296143505968213816e+01
2.314621999377003903e+01
2.349170066214875163e+01
2.378444870077925444e+01
2.416733332413818403e+01
2.434845991022840650e+01
2.474323139769743207e+01
2.488227280615659964e+01
2.517339865810733102e+01
2.548386744589604191e+01
2.579941859810022819e+01
2.610837988079689254e+01
2.639749041102203009e+01
2.680013992500785136e+01
2.710954628908422137e+01
2.733697130261507269e+01
2.729519188428614029e+01
2.751631334317880828e+01
2.775333313315717731e+01
2.797726755778697694e+01
2.827803918237613345e+01
2.872037604210641248e+01
2.893509979246658759e+01
2.899051569048056720e+01
2.910545481520603062e+01
2.924290512243952733e+01
2.921895788696099316e+01
2.943514056361885167e+01
2.958796207919700194e+01
2.953878805909274163e+01
2.962747879924986094e+01
2.966188631897843564e+01
2.966390904786488036e+01
2.990965563158492913e+01
2.988042837711667943e+01
2.992569965765211748e+01
3.012075696259972801e+01
3.020579414615679070e+01
3.024549553239292266e+01
3.033413918343489257e+01
3.056840689339239958e+01
3.088284313336451703e+01
3.107265679017486093e+01
3.120076120866284342e+01
3.150380929348068193e+01
3.173401172244064128e+01
3.182023727127124602e+01
3.192314990723816237e+01
3.189686504971922787e+01
3.214093962534387572e+01
3.223119606840552365e+01
3.218613832071191183e+01
3.232688509584552605e+01
3.243898118005557762e+01
3.277331231352729901e+01
3.300829441216252746e+01
3.326090046886884721e+01
3.351637659413678705e+01
3.376133143109139922e+01
3.403762623920768959e+01
3.418464567609265004e+01
3.424540115110349348e+01
3.431996503494722361e+01
3.443584614903487306e+01
3.443893145845265735e+01
3.458681107011746292e+01
3.492334462791328775e+01
3.507260326807806194e+01
3.522680087660530290e+01
3.558089374931439153e+01
3.579259699993841082e+01
3.596025583891193378e+01
3.624013658914657299e+01
3.652273264694196087e+01
3.684548819055055446e+01
3.719983198886790632e+01
3.751413067098850007e+01
3.783437590340297874e+01
3.800299330315968405e+01
3.798140992643638469e+01
3.806822822249545624e+01
3.821711004249274879e+01
3.851441288660649320e+01
3.880386578680015930e+01
3.910549833463320368e+01
3.910549833463320368e+01
3.919346246505914166e+01
3.931233902987712270e+01
3.961751506594021777e+01
3.989520647897438010e+01
4.002761546732455145e+01
4.031435848429192248e+01
4.044313909676152008e+01
4.081862320069112826e+01
4.095851559810243003e+01
4.104460987754664814e+01
4.138610878060415388e+01
4.138632020366149789e+01
4.155767077207286775e+01
4.172945602329367176e+01
4.209308137924806204e+01
4.206792127025057226e+01
4.203673988310701759e+01
4.235788002249404371e+01
4.236918101639444956e+01
4.272926397681102628e+01
4.290407906015465045e+01
4.290407906015465045e+01
4.304660265340343983e+01
4.304660265340343983e+01
4.298194388344948891e+01
4.298194388344948891e+01
4.290626411143249186e+01
4.290626411143249186e+01
4.301543327690655616e+01
4.319039245017344797e+01
4.313884560346972563e+01
4.318619571112973432e+01
4.310174010408397294e+01
4.306376086688202776e+01
4.321489905113745067e+01
4.317809050896067902e+01
4.317580340885390200e+01
4.317230014720086473e+01
4.313977283203981017e+01
4.315159324984419698e+01
4.312992000920010582e+01
4.331428748115336447e+01
4.336804699314922829e+01
4.350548815954143578e+01
4.344364165214513918e+01
4.359045193617519942e+01
4.359045193617519942e+01
4.353604828185488884e+01
4.353765611513784961e+01
4.350686727402927545e+01
4.350287346831241564e+01
4.350287346831241564e+01
4.346662512779201393e+01
4.342994358734536320e+01
4.338674912919841375e+01
4.334336742801602327e+01
4.330877509235281764e+01
4.330877509235281764e+01
4.330877509235281764e+01
4.329561178687742995e+01
4.326499739974566694e+01
