0.000000000000000000e+00
8.850000000000005432e-03
1.755000000000000657e-02
3.920000000000001261e-02
7.680000000000000715e-02
1.167499999999999927e-01
1.559500000000000053e-01
1.990500000000000602e-01
2.465499999999999914e-01
2.985499999999999265e-01
3.551999999999999602e-01
4.114500000000001489e-01
4.675499999999999656e-01
5.245500000000000718e-01
5.909000000000000918e-01
6.674499999999999877e-01
7.441499999999999782e-01
8.204499999999999016e-01
8.959000000000001407e-01
9.695500000000002450e-01
1.044099999999999806e+00
1.119350000000000067e+00
1.193700000000000205e+00
1.268499999999999961e+00
1.343750000000000222e+00
1.419849999999999834e+00
1.497999999999999998e+00
1.573349999999999804e+00
1.649100000000000232e+00
1.725050000000000194e+00
1.799049999999999816e+00
1.873749999999999805e+00
1.947199999999999820e+00
2.021099999999999675e+00
2.094249999999999279e+00
2.168800000000000061e+00
2.245099999999999874e+00
2.321199999999999708e+00
2.395900000000000141e+00
2.471900000000000208e+00
2.548799999999999955e+00
2.625100000000000211e+00
2.700049999999999617e+00
2.776449999999999640e+00
2.851450000000000262e+00
2.928999999999999826e+00
3.008849999999999802e+00
3.086899999999999533e+00
3.163799999999999724e+00
3.241299999999998960e+00
3.315600000000000769e+00
3.390499999999999403e+00
3.466600000000000570e+00
3.545950000000000379e+00
3.624850000000000794e+00
3.701700000000000212e+00
3.780850000000000932e+00
3.857500000000000817e+00
3.934500000000000774e+00
4.011950000000000571e+00
4.091099999999999959e+00
4.169249999999999901e+00
4.247199999999999420e+00
4.324550000000000338e+00
4.402499999999998970e+00
4.480150000000000077e+00
4.556000000000000050e+00
4.632199999999999207e+00
4.708800000000000985e+00
4.788899999999999935e+00
4.865949999999999775e+00
4.943350000000000577e+00
5.019849999999999923e+00
5.095750000000000668e+00
5.172799999999999621e+00
5.251150000000000873e+00
5.328599999999998893e+00
5.405999999999999694e+00
5.483300000000000729e+00
5.560350000000000570e+00
5.639099999999999113e+00
5.716150000000000730e+00
5.794499999999999318e+00
5.872399999999998954e+00
5.948300000000000587e+00
6.026349999999998985e+00
6.105200000000000848e+00
6.182899999999999174e+00
6.259749999999998593e+00
6.336449999999999250e+00
6.413849999999998275e+00
6.490899999999999004e+00
6.573500000000000121e+00
6.651999999999999247e+00
6.730999999999997208e+00
6.811150000000000482e+00
6.892399999999999416e+00
6.970049999999998747e+00
7.048050000000000814e+00
7.126750000000001251e+00
7.204499999999998572e+00
7.285700000000000287e+00
7.366299999999999848e+00
7.444499999999997897e+00
7.523050000000000459e+00
7.600900000000001100e+00
7.680250000000000909e+00
7.757900000000001128e+00
7.836749999999999439e+00
7.914600000000000080e+00
7.991950000000000109e+00
8.069300000000000139e+00
8.148700000000001609e+00
8.225450000000000372e+00
8.302600000000001756e+00
8.380900000000000460e+00
8.457199999999998496e+00
8.534400000000001540e+00
8.610900000000000887e+00
8.686749999999998195e+00
8.762350000000001415e+00
8.838499999999999801e+00
8.915399999999998215e+00
8.992700000000001026e+00
9.068700000000001538e+00
9.143499999999997740e+00
9.219600000000003348e+00
9.297100000000000364e+00
9.372499999999998721e+00
9.447449999999998127e+00
9.522350000000001202e+00
9.597350000000000492e+00
9.673799999999999955e+00
9.751699999999997814e+00
9.828250000000000597e+00
9.906350000000001543e+00
9.983050000000000423e+00
1.006030000000000157e+01
1.013935000000000031e+01
1.021785000000000210e+01
1.029904999999999937e+01
1.037869999999999848e+01
1.045800000000000196e+01
1.054124999999999979e+01
1.062164999999999893e+01
1.070010000000000083e+01
1.077724999999999866e+01
1.085500000000000043e+01
1.093440000000000012e+01
1.101549999999999940e+01
1.109410000000000096e+01
1.117239999999999966e+01
1.125339999999999918e+01
1.133289999999999864e+01
1.141244999999999621e+01
1.149300000000000033e+01
1.157175000000000153e+01
1.165065000000000062e+01
1.172934999999999839e+01
1.180744999999999756e+01
1.188660000000000139e+01
1.196609999999999907e+01
1.204529999999999923e+01
1.212400000000000055e+01
1.220304999999999929e+01
1.228200000000000003e+01
1.236109999999999864e+01
1.244095000000000084e+01
1.252165000000000283e+01
1.260120000000000040e+01
1.268035000000000245e+01
1.276014999999999944e+01
1.283909999999999840e+01
1.291574999999999918e+01
1.299314999999999998e+01
1.307089999999999819e+01
1.314730000000000132e+01
1.322850000000000037e+01
1.330689999999999884e+01
1.338419999999999810e+01
1.346470000000000233e+01
1.354424999999999990e+01
1.362114999999999654e+01
1.369864999999999711e+01
1.377874999999999872e+01
1.385684999999999967e+01
1.393579999999999686e+01
1.401620000000000310e+01
1.409495000000000076e+01
1.417365000000000030e+01
1.425150000000000183e+01
1.433055000000000234e+01
1.440864999999999974e+01
1.448760000000000048e+01
1.456525000000000247e+01
1.464335000000000342e+01
1.472394999999999854e+01
1.480175000000000196e+01
1.487925000000000431e+01
1.495825000000000315e+01
1.503585000000000171e+01
