0.000000000000000000e+00
8.349999999999999784e-03
8.900000000000001660e-03
9.600000000000000894e-03
1.025000000000000043e-02
1.800000000000000905e-02
3.500000000000000333e-02
5.555000000000000909e-02
7.720000000000001861e-02
1.145499999999999990e-01
1.511999999999999733e-01
1.866000000000000159e-01
2.218999999999999861e-01
2.577999999999999736e-01
2.942499999999999005e-01
3.292499999999999871e-01
3.642499999999998517e-01
3.998499999999999832e-01
4.367499999999999716e-01
4.720000000000000862e-01
5.076000000000000512e-01
5.420000000000000373e-01
5.769999999999998463e-01
6.131999999999999673e-01
6.536999999999999478e-01
7.026999999999998803e-01
7.559500000000000108e-01
8.067500000000000782e-01
8.602500000000000702e-01
9.156000000000000805e-01
9.710000000000000853e-01
1.030550000000000077e+00
1.091550000000000020e+00
1.153149999999999897e+00
1.213949999999999863e+00
1.274100000000000010e+00
1.334849999999999870e+00
1.402700000000000058e+00
1.470949999999999758e+00
1.541350000000000220e+00
1.609350000000000280e+00
1.677600000000000424e+00
1.745800000000000241e+00
1.813699999999999646e+00
1.880399999999999849e+00
1.946099999999999941e+00
2.013350000000000417e+00
2.090950000000000308e+00
2.169899999999999718e+00
2.247500000000000053e+00
2.320950000000000291e+00
2.399799999999999933e+00
2.477899999999999991e+00
2.557500000000000107e+00
2.636949999999999239e+00
2.719799999999999773e+00
2.798099999999999810e+00
2.886000000000000121e+00
2.976100000000000190e+00
3.063350000000000684e+00
3.151200000000000223e+00
3.236899999999999444e+00
3.322449999999999903e+00
3.408100000000000129e+00
3.494900000000000340e+00
3.580150000000000610e+00
3.663799999999999724e+00
3.748449999999999616e+00
3.833199999999998830e+00
3.919049999999999478e+00
4.001749999999999474e+00
4.088700000000000223e+00
4.175550000000000317e+00
4.259949999999999903e+00
4.344450000000000145e+00
4.429949999999999832e+00
4.515800000000000480e+00
4.604549999999998811e+00
4.699650000000000105e+00
4.797550000000000203e+00
4.894300000000000317e+00
4.987850000000000783e+00
5.081100000000001060e+00
5.175549999999999429e+00
5.268600000000001060e+00
5.363049999999999429e+00
5.457349999999999923e+00
5.549950000000000827e+00
5.644550000000000622e+00
5.737849999999999007e+00
5.832300000000000040e+00
5.926250000000001350e+00
6.023649999999999949e+00
6.119100000000000428e+00
6.214599999999999902e+00
6.308400000000000674e+00
6.401699999999999946e+00
6.494899999999999451e+00
6.588150000000000617e+00
6.682250000000000689e+00
6.774799999999999045e+00
6.870399999999999174e+00
6.966249999999999609e+00
7.061750000000001748e+00
7.157000000000000917e+00
7.250950000000000450e+00
7.345649999999999125e+00
7.443250000000000810e+00
7.535899999999999821e+00
7.631249999999999645e+00
7.725249999999999950e+00
7.818950000000000955e+00
7.915850000000001607e+00
8.012199999999998212e+00
8.109500000000000597e+00
8.205699999999998440e+00
8.303150000000000475e+00
8.397349999999999426e+00
8.490900000000001668e+00
8.585499999999999687e+00
8.677250000000000796e+00
8.770349999999998758e+00
8.864300000000000068e+00
8.958099999999998175e+00
9.050399999999999778e+00
9.142300000000000537e+00
9.236749999999998906e+00
9.329899999999998528e+00
9.424000000000001265e+00
9.519850000000001700e+00
9.612750000000000128e+00
9.707000000000002515e+00
9.800950000000000273e+00
9.897549999999998960e+00
9.991349999999998843e+00
1.008560000000000123e+01
1.018040000000000056e+01
1.027499999999999858e+01
1.037105000000000032e+01
1.046619999999999884e+01
1.056165000000000020e+01
1.065814999999999735e+01
1.075254999999999939e+01
1.084865000000000101e+01
1.094484999999999886e+01
1.104139999999999944e+01
1.113589999999999947e+01
1.123230000000000040e+01
1.132669999999999888e+01
1.142135000000000211e+01
1.151585000000000036e+01
1.161210000000000164e+01
1.170934999999999881e+01
1.180664999999999765e+01
1.190290000000000070e+01
1.199794999999999945e+01
1.209094999999999942e+01
1.218584999999999852e+01
1.227964999999999840e+01
1.237389999999999901e+01
1.246790000000000198e+01
1.256044999999999767e+01
1.265230000000000210e+01
1.274504999999999910e+01
1.284174999999999933e+01
1.294519999999999627e+01
1.305465000000000053e+01
1.315815000000000090e+01
1.326494999999999891e+01
1.337090000000000067e+01
1.347480000000000189e+01
1.357664999999999722e+01
1.368204999999999849e+01
1.378400000000000070e+01
1.388550000000000217e+01
1.398860000000000170e+01
1.409104999999999919e+01
1.419435000000000002e+01
1.429809999999999981e+01
1.439985000000000070e+01
1.450209999999999866e+01
1.460719999999999708e+01
1.471244999999999870e+01
1.481745000000000267e+01
1.492059999999999853e+01
1.502619999999999756e+01
1.513195000000000334e+01
1.523435000000000095e+01
1.533684999999999832e+01
1.544089999999999918e+01
1.554404999999999859e+01
1.564765000000000406e+01
1.575354999999999883e+01
1.585719999999999708e+01
1.596299999999999919e+01
1.606804999999999950e+01
1.617304999999999637e+01
1.627915000000000134e+01
1.638415000000000177e+01
1.648880000000000123e+01
1.659445000000000192e+01
