0.000000000000000000e+00
1.824143634695472036e-03
2.071231517720799591e-03
3.088689042296100581e-03
3.491060010942235222e-03
2.404786892845185015e-02
4.982971001320398580e-02
7.953456795632952991e-02
1.116004480277744959e-01
1.357915590160154451e-01
1.663846747750525046e-01
1.982446468381933724e-01
2.317414291834759554e-01
2.659407076774821799e-01
3.021706264678948317e-01
3.374370867287708187e-01
3.724162825387741238e-01
4.084619045884205768e-01
4.462392715797209863e-01
4.823987976767769581e-01
5.194330948255029279e-01
5.546676482363108729e-01
5.911657973868245097e-01
6.285844891500266263e-01
6.619076295073202942e-01
6.862542604603631968e-01
7.103978797124889111e-01
7.348646048762996763e-01
7.588030623949801878e-01
7.833837118551801870e-01
8.111764912767134295e-01
8.313274610525024366e-01
8.515950020402890397e-01
8.767948605574739096e-01
9.019835073325899177e-01
9.263433434747614381e-01
9.526861642219855986e-01
9.745436419165639519e-01
9.928436168400338602e-01
1.016902958742868401e+00
1.040961011517722579e+00
1.067178494910762332e+00
1.092603477936986867e+00
1.119678663724552603e+00
1.146022181286208808e+00
1.172022051840322598e+00
1.200613771160401244e+00
1.215417108444668770e+00
1.231126065843786810e+00
1.247915441846922713e+00
1.269790395104640979e+00
1.289051651408895216e+00
1.309903236884312872e+00
1.330883184205135406e+00
1.354611068720464884e+00
1.378896935960044923e+00
1.405068927134893286e+00
1.412118408632930588e+00
1.419417799662946233e+00
1.431278074833818081e+00
1.446617143545589457e+00
1.459889992430936534e+00
1.474367473698467101e+00
1.491450096382711754e+00
1.509150486200763419e+00
1.529032840556408646e+00
1.547106706080740857e+00
1.566012499151906434e+00
1.587282791439509122e+00
1.608875678074598969e+00
1.631362555503834244e+00
1.655477728633037549e+00
1.679666945409119094e+00
1.704483689420347670e+00
1.729586525011107989e+00
1.755346275667567735e+00
1.782407349625780624e+00
1.805171833233612411e+00
1.809746951233790480e+00
1.810558821883453628e+00
1.815697086520766668e+00
1.823488779099010637e+00
1.834566730865901274e+00
1.846157671354210272e+00
1.860180700899781048e+00
1.874306391041763664e+00
1.889993155410886638e+00
1.906698336785344727e+00
1.923161290037837645e+00
1.941363703044846956e+00
1.961689911785244433e+00
1.980179433157510660e+00
1.998074730209058236e+00
2.017513913211009591e+00
2.038154763505460654e+00
2.062425838666690048e+00
2.085463068481434146e+00
2.108992600745673407e+00
2.132755852764211646e+00
2.158353721589675089e+00
2.181854110613264286e+00
2.207992287124209696e+00
2.235901113086175673e+00
2.262733278029029904e+00
2.289579546554344702e+00
2.317480862380528528e+00
2.346550133174230446e+00
2.378274413834534862e+00
2.407288680237582135e+00
2.438076165237665460e+00
2.468592025325367256e+00
2.499166650605757489e+00
2.533266098833677482e+00
2.566991188142258018e+00
2.600532974218938698e+00
2.635095635835632777e+00
2.672227708766601317e+00
2.705864913017647311e+00
2.739734492610553129e+00
2.774855374609638936e+00
2.807966236887474043e+00
2.840899563078568502e+00
2.873683561215465421e+00
2.907546042627700000e+00
2.940046043857136748e+00
2.973743770064932956e+00
3.009850243367599987e+00
3.044089172478362304e+00
3.081790437391873638e+00
3.119152405301799380e+00
3.155038317913112067e+00
3.192106906104493547e+00
3.229146721271735743e+00
3.267900770754827544e+00
3.304732081046812819e+00
3.341199461271356252e+00
3.378306682348421575e+00
3.414718216778655169e+00
3.453109880600384152e+00
3.491729823454271742e+00
3.530769112743000537e+00
3.569518612852438544e+00
3.607650751874410311e+00
3.647409906700918469e+00
3.685175562642843961e+00
3.724429639555564719e+00
3.763334623708075366e+00
3.803449133352515776e+00
3.843102589054838703e+00
3.882150219594806551e+00
3.922634997995607886e+00
3.963734424756532260e+00
4.005259383298414910e+00
4.045524271030887853e+00
4.084869127646563847e+00
4.123793841537183980e+00
4.162635577071334581e+00
4.202434321616459911e+00
4.241569429762996890e+00
4.282599489795888559e+00
4.321834910081595815e+00
4.362217044978390135e+00
4.401199610333529577e+00
4.441223271521034910e+00
4.472319273877928936e+00
4.481699795836396660e+00
4.485320103125305380e+00
4.499142076829759418e+00
4.514229950667112412e+00
4.534191701946444830e+00
4.550512713969713019e+00
4.562976498679343074e+00
4.579184528657914477e+00
4.593773002663496641e+00
4.610601441243864507e+00
4.625206778080305448e+00
4.640994079666553418e+00
4.657058398549454026e+00
4.674316259090734782e+00
4.692821233277483906e+00
4.712521181915260371e+00
4.731323077110672237e+00
4.749641412517370043e+00
4.767588787584348786e+00
4.786994259449243394e+00
4.805395952468433762e+00
4.824793451278510226e+00
4.843432287902866840e+00
4.864588926877583042e+00
4.888067009565233434e+00
4.911171229706820185e+00
4.933844386226626355e+00
4.953882896022069104e+00
4.974764392410961911e+00
4.996987572528073684e+00
5.021635335973730463e+00
5.045796175778407999e+00
5.070510213726031168e+00
5.093752617422640405e+00
5.116536500407282695e+00
5.141200049356180912e+00
