0.000000000000000000e+00
1.492481155659930621e-03
2.092958432458704929e-02
4.689413609397236754e-02
7.471385413696712829e-02
1.069387090814172964e-01
1.404184727875930350e-01
1.688183861432160371e-01
1.969457983811789825e-01
2.198336814503182579e-01
2.399205285089210660e-01
2.609895543886766589e-01
2.845115946670715434e-01
3.100607158283680276e-01
3.226318180217195852e-01
3.179209768165667804e-01
3.124191535421603771e-01
3.097360933117094817e-01
3.100493347839984870e-01
3.086519844420249070e-01
3.094254191238980378e-01
3.143061047768559990e-01
3.172224928973353952e-01
3.202031386479526343e-01
3.251605564947875893e-01
3.277130261371982711e-01
3.335700825913499035e-01
3.402093877305563119e-01
3.482150054205016554e-01
3.573525535098356909e-01
3.663864728671079041e-01
3.767728592932351739e-01
3.849794280218100107e-01
3.940994671399594695e-01
4.024058740873447948e-01
4.123670209897973837e-01
4.229902953969510992e-01
4.328783431866278786e-01
4.423883927048720133e-01
4.532056817825654838e-01
4.660302136128084971e-01
4.812627037284314402e-01
4.921390530124591378e-01
5.068034604262287024e-01
5.195704451756276709e-01
5.330536558358830446e-01
5.469754359201151050e-01
5.612542115654902686e-01
5.751908031253629705e-01
5.898396477009663075e-01
6.060331179069341490e-01
6.195559296786691261e-01
6.341328252030484780e-01
6.515021469649965313e-01
6.652413302704515141e-01
6.797446652971981251e-01
6.923965103176068503e-01
7.077372747001530184e-01
7.212523483497299548e-01
7.364827543805760879e-01
7.536306058010118214e-01
7.706183799391238542e-01
7.856028640477324965e-01
7.998068188631551889e-01
8.139768731358403286e-01
8.295001069921570380e-01
8.420802218316256749e-01
8.563109598738065653e-01
8.714369512477652124e-01
8.891894005216210983e-01
9.065143945354645627e-01
9.221714198021970788e-01
9.376136877733814989e-01
9.511948210014602445e-01
9.667296726593220813e-01
9.837625361335934349e-01
1.000034519404205513e+00
1.017078364729090190e+00
1.033425425466201864e+00
1.050127386320345302e+00
1.064404194843293627e+00
1.080322696003374716e+00
1.097110318062864520e+00
1.111772521696772431e+00
1.126117671471325465e+00
1.141623811726087068e+00
1.156771135532003170e+00
1.174193548781460539e+00
1.191429598213843200e+00
1.206355357056949407e+00
1.222595283607784911e+00
1.238468526043355000e+00
1.255225019667788544e+00
1.271212138079242937e+00
1.289603117241890029e+00
1.308059642179973281e+00
1.324522646088015954e+00
1.339579578636521218e+00
1.356259432225265460e+00
1.372628095115351998e+00
1.388219200990967295e+00
1.404666725597214505e+00
1.423044451167987834e+00
1.439829104442607033e+00
1.456052693929722031e+00
1.472296773751814225e+00
1.489649719732797140e+00
1.505366795834158333e+00
1.522414131404461468e+00
1.539063169593762881e+00
1.556074917058944296e+00
1.574178677914296109e+00
1.591086204452794695e+00
1.608807896394097270e+00
1.627156765649825143e+00
1.643774646963506392e+00
1.660258341343298305e+00
1.676917421938242114e+00
1.695674228736168798e+00
1.713044187258460749e+00
1.731009135591144110e+00
1.747681106495118097e+00
1.762567485232835240e+00
1.779072064307682943e+00
1.793965303454891025e+00
1.806767597119231183e+00
1.820930377581746251e+00
1.835883708190690466e+00
1.850845658070926048e+00
1.863312359079926539e+00
1.876275360254992197e+00
1.888807461733461146e+00
1.902396110172642096e+00
1.915830240391877659e+00
1.928652324163170784e+00
1.941523635575936213e+00
1.954478970851311059e+00
1.965345773649003869e+00
1.980047784145624767e+00
1.991770977672885135e+00
2.005546371316305532e+00
2.018489957864541662e+00
2.033190669858584876e+00
2.049177978483079254e+00
2.063448915650688331e+00
2.077525448700929367e+00
2.092760040592327453e+00
2.107635001607251812e+00
2.121223430004486765e+00
2.135192883558766130e+00
2.147659677416326574e+00
2.163730144911791164e+00
2.180730139196503270e+00
2.196271337972610649e+00
2.211004013451807193e+00
2.225174892002873328e+00
2.241588362634852949e+00
2.259239214315296618e+00
2.275470616707673255e+00
2.291930572137820921e+00
2.308873456904903865e+00
2.324700903342191260e+00
2.340545387297584323e+00
2.356757794089158864e+00
2.372085548098971763e+00
2.387548261292323559e+00
2.402631471949037589e+00
2.418154533420062258e+00
2.434754079470860866e+00
2.451870277971492040e+00
2.467882620284035600e+00
2.484448455392061383e+00
2.500701519574056952e+00
2.516287481091935785e+00
2.532352863938989174e+00
2.547890066309768997e+00
2.563337299303390271e+00
2.578538588037805557e+00
2.594337408665264189e+00
2.610006448267896850e+00
2.627852566260139078e+00
2.645414993436757900e+00
2.662278108594216430e+00
2.678131872686630555e+00
2.695464057912848599e+00
2.712291895703704991e+00
2.729104717668414892e+00
2.745999319009384099e+00
2.764021589550269553e+00
2.781792017297482822e+00
2.798067752932369867e+00
2.815401951320628093e+00
2.829966294410588556e+00
2.849150178562021019e+00
2.865124009096291058e+00
2.882872686661691830e+00
2.902230908714880542e+00
2.919846894530601755e+00
2.934249220413971404e+00
2.949603022018386422e+00
2.963529386981003100e+00
