6.538348415311010520e-01
1.024695076595959931e+00
1.288409872672512613e+00
1.243985530462472955e+00
1.428285685708569952e+00
1.743559577416269324e+00
2.046338192968112590e+00
2.487971060924945466e+00
2.810693864511039308e+00
3.037680035816807678e+00
3.505353049266221710e+00
4.093897898091744203e+00
4.271709259769442824e+00
4.756837184516619743e+00
5.197114584074513211e+00
5.705041629997102959e+00
6.244197306299665406e+00
6.512296062065974667e+00
6.905794668247819068e+00
7.165193647069143523e+00
7.275128864838066534e+00
7.809449404407457607e+00
8.180922930818990579e+00
8.676981041814023854e+00
9.046960815655166854e+00
9.486832980505138124e+00
9.986991538997116891e+00
1.047986164030804446e+01
1.097941255259132554e+01
1.131315605832430826e+01
1.181482120050913309e+01
1.237133784196357666e+01
1.284318885635495278e+01
1.316918752239484114e+01
1.365750709317040723e+01
1.382705680902483358e+01
1.423543114907307583e+01
1.453753761818004619e+01
1.510587634002079405e+01
1.546439458886121265e+01
1.602310831268390245e+01
1.633431969810802897e+01
1.682401557298375749e+01
1.737670854908949636e+01
1.765106229097841251e+01
1.785630140874643601e+01
1.810082871031047702e+01
1.862417783420250927e+01
1.893270979020172007e+01
1.928956972044736773e+01
1.958698547505460397e+01
2.007604293679409224e+01
2.032707553978190873e+01
2.044602650883540562e+01
2.072775916494592963e+01
2.107818777789020714e+01
2.136416391998525910e+01
2.171238126046979744e+01
2.200880505615877425e+01
2.235397056453282616e+01
2.277520581685267587e+01
2.299434713141471320e+01
2.326644579646835354e+01
2.356963088383014693e+01
2.387383505011291618e+01
2.428677623728600210e+01
2.467610179910919399e+01
2.493371211833488488e+01
2.541313636684775545e+01
2.557831112485732561e+01
2.570097274423674705e+01
2.607081701826776410e+01
2.643194090489761905e+01
2.666322373607512475e+01
2.696938078636586056e+01
2.735484417795137091e+01
2.736507811061389717e+01
2.755830183447448789e+01
2.748163022820880386e+01
2.748163022820880386e+01
2.772273435287363341e+01
2.788745237557565559e+01
2.814866781927699080e+01
2.842582452630002265e+01
2.859265639985204288e+01
2.890916809595184134e+01
2.919738858185779407e+01
2.949576240750525002e+01
2.975163861033539803e+01
3.014531472716780414e+01
3.022991068461830722e+01
3.041562098659174040e+01
3.048540634467580901e+01
3.043846251044884710e+01
3.039979440719952919e+01
3.038404186411017704e+01
3.035885373330159354e+01
3.036325904773729079e+01
3.032226904438386939e+01
3.028283342093338604e+01
3.042761903271433965e+01
3.047228248753283353e+01
3.044486820467448851e+01
3.054255228365828501e+01
3.056349947240989451e+01
3.052638203259600402e+01
3.062858142323930721e+01
3.066639039730630500e+01
3.064702269389312050e+01
3.079529184794325047e+01
3.077888886883345876e+01
3.073776179229711403e+01
3.085271462934825948e+01
3.101596363165264947e+01
3.096384988983120579e+01
3.100205638340785796e+01
3.103949097520769840e+01
3.102011444208418922e+01
3.100548338600771459e+01
3.107104761671225290e+01
3.112972855647797132e+01
3.111735849971844559e+01
3.121133608162265105e+01
3.121133608162265105e+01
3.115168534766618436e+01
3.114096979864307002e+01
3.104738314254520049e+01
3.102011444208418567e+01
3.105619905912505629e+01
3.111153323126329084e+01
3.111093055503161864e+01
3.116965671931598081e+01
3.122979346713647431e+01
3.124723987810763504e+01
3.145329871412536349e+01
3.145329871412536349e+01
3.142526849527303412e+01
3.160265020532296631e+01
3.156913049166859864e+01
3.158781410607578266e+01
3.167175397732181352e+01
3.183531843723256927e+01
3.188432216623084869e+01
3.190685662988443383e+01
3.192710447253242378e+01
3.195402947986372411e+01
3.191692341062966420e+01
3.186765601672015080e+01
3.175673156985775236e+01
3.171687248137811110e+01
3.171687248137811110e+01
3.169365078371376043e+01
3.172896941282524708e+01
3.175606241334085311e+01
3.169873814523221967e+01
3.180326241126843811e+01
3.177495082608311350e+01
3.177495082608311350e+01
3.175311008389571654e+01
3.176519321521592332e+01
3.167412192942370908e+01
3.185259016155514900e+01
3.181289046911644292e+01
3.174031348301399547e+01
3.168264509159548936e+01
3.163427729536427435e+01
3.157194165711067058e+01
3.160581433850423849e+01
3.158876382513250647e+01
3.156338860135267765e+01
3.157863201596928349e+01
3.150650726437318028e+01
3.146788044975383869e+01
3.146788044975383869e+01
3.158638947394906182e+01
3.167566100336344803e+01
3.167376674789406366e+01
3.170820083196143813e+01
3.170820083196143813e+01
3.183626077289856582e+01
3.187079384012892902e+01
3.196153938720724241e+01
3.203572224876473484e+01
3.206961178436683468e+01
3.211214723434108720e+01
3.212051525115996498e+01
3.207272984951546135e+01
3.214541180324184211e+01
3.218924509832437764e+01
3.225740225126629923e+01
3.224480578325755431e+01
3.226003719774668355e+01
3.224267358641339598e+01
3.216749135384977620e+01
3.211428809735628676e+01
3.209186033872140342e+01
3.216271132849343672e+01
3.212705246361701228e+01
3.208021196937451691e+01
3.230924790211000897e+01
