1.149999999999999911e+00
2.500000000000000000e+00
3.799999999999999822e+00
5.049999999999999822e+00
6.400000000000000355e+00
7.400000000000000355e+00
8.750000000000000000e+00
9.900000000000000355e+00
1.100000000000000000e+01
1.184999999999999964e+01
1.275000000000000000e+01
1.380000000000000071e+01
1.455000000000000071e+01
1.565000000000000036e+01
1.630000000000000071e+01
1.705000000000000071e+01
1.789999999999999858e+01
1.830000000000000071e+01
1.889999999999999858e+01
1.960000000000000142e+01
2.014999999999999858e+01
2.075000000000000000e+01
2.135000000000000142e+01
2.189999999999999858e+01
2.244999999999999929e+01
2.300000000000000000e+01
2.339999999999999858e+01
2.385000000000000142e+01
2.444999999999999929e+01
2.475000000000000000e+01
2.510000000000000142e+01
2.550000000000000000e+01
2.594999999999999929e+01
2.614999999999999858e+01
2.664999999999999858e+01
2.675000000000000000e+01
2.705000000000000071e+01
2.739999999999999858e+01
2.775000000000000000e+01
2.805000000000000071e+01
2.839999999999999858e+01
2.869999999999999929e+01
2.905000000000000071e+01
2.950000000000000000e+01
2.980000000000000071e+01
3.005000000000000071e+01
3.039999999999999858e+01
3.080000000000000071e+01
3.105000000000000071e+01
3.125000000000000000e+01
3.150000000000000000e+01
3.194999999999999929e+01
3.210000000000000142e+01
3.239999999999999858e+01
3.260000000000000142e+01
3.289999999999999858e+01
3.314999999999999858e+01
3.335000000000000142e+01
3.375000000000000000e+01
3.400000000000000000e+01
3.429999999999999716e+01
3.439999999999999858e+01
3.464999999999999858e+01
3.485000000000000142e+01
3.520000000000000284e+01
3.545000000000000284e+01
3.570000000000000284e+01
3.589999999999999858e+01
3.614999999999999858e+01
3.650000000000000000e+01
3.660000000000000142e+01
3.675000000000000000e+01
3.704999999999999716e+01
3.735000000000000142e+01
3.754999999999999716e+01
3.775000000000000000e+01
3.795000000000000284e+01
3.820000000000000284e+01
3.839999999999999858e+01
3.839999999999999858e+01
3.850000000000000000e+01
3.870000000000000284e+01
3.895000000000000284e+01
3.914999999999999858e+01
3.939999999999999858e+01
3.960000000000000142e+01
3.975000000000000000e+01
4.000000000000000000e+01
4.020000000000000284e+01
4.039999999999999858e+01
4.054999999999999716e+01
4.070000000000000284e+01
4.079999999999999716e+01
4.100000000000000000e+01
4.104999999999999716e+01
4.110000000000000142e+01
4.120000000000000284e+01
4.135000000000000142e+01
4.139999999999999858e+01
4.150000000000000000e+01
4.160000000000000142e+01
4.179999999999999716e+01
4.189999999999999858e+01
4.204999999999999716e+01
4.214999999999999858e+01
4.220000000000000284e+01
4.229999999999999716e+01
4.235000000000000142e+01
4.239999999999999858e+01
4.250000000000000000e+01
4.260000000000000142e+01
4.270000000000000284e+01
4.289999999999999858e+01
4.310000000000000142e+01
4.320000000000000284e+01
4.335000000000000142e+01
4.350000000000000000e+01
4.354999999999999716e+01
4.360000000000000142e+01
4.370000000000000284e+01
4.379999999999999716e+01
4.389999999999999858e+01
4.404999999999999716e+01
4.404999999999999716e+01
4.414999999999999858e+01
4.420000000000000284e+01
4.439999999999999858e+01
4.454999999999999716e+01
4.475000000000000000e+01
4.485000000000000142e+01
4.489999999999999858e+01
4.495000000000000284e+01
4.500000000000000000e+01
4.510000000000000142e+01
4.529999999999999716e+01
4.529999999999999716e+01
4.545000000000000284e+01
4.564999999999999858e+01
4.570000000000000284e+01
4.589999999999999858e+01
4.600000000000000000e+01
4.625000000000000000e+01
4.629999999999999716e+01
4.645000000000000284e+01
4.660000000000000142e+01
4.679999999999999716e+01
4.689999999999999858e+01
4.695000000000000284e+01
4.710000000000000142e+01
4.720000000000000284e+01
4.720000000000000284e+01
4.725000000000000000e+01
4.735000000000000142e+01
4.754999999999999716e+01
4.770000000000000284e+01
4.795000000000000284e+01
4.804999999999999716e+01
4.804999999999999716e+01
4.820000000000000284e+01
4.835000000000000142e+01
4.850000000000000000e+01
4.875000000000000000e+01
4.879999999999999716e+01
4.895000000000000284e+01
4.910000000000000142e+01
4.914999999999999858e+01
4.925000000000000000e+01
4.935000000000000142e+01
4.950000000000000000e+01
4.954999999999999716e+01
4.970000000000000284e+01
4.979999999999999716e+01
4.985000000000000142e+01
4.985000000000000142e+01
5.000000000000000000e+01
5.004999999999999716e+01
5.014999999999999858e+01
5.029999999999999716e+01
5.029999999999999716e+01
5.045000000000000284e+01
5.054999999999999716e+01
5.060000000000000142e+01
5.075000000000000000e+01
5.079999999999999716e+01
5.089999999999999858e+01
5.114999999999999858e+01
5.120000000000000284e+01
5.135000000000000142e+01
5.145000000000000284e+01
5.160000000000000142e+01
5.164999999999999858e+01
5.170000000000000284e+01
5.189999999999999858e+01
5.204999999999999716e+01
5.214999999999999858e+01
5.225000000000000000e+01
5.239999999999999858e+01
5.245000000000000284e+01
5.260000000000000142e+01
5.275000000000000000e+01
