8.306623862918075529e-01
9.096702699330129205e-01
1.452583904633395040e+00
1.702938636592639998e+00
2.224297641953522309e+00
2.554897258208243649e+00
3.004579837514723462e+00
3.850649295898030289e+00
4.375785643744446674e+00
4.673328578219169138e+00
5.318599439702148324e+00
5.923681287847954557e+00
6.355116049294458058e+00
6.847444778893803097e+00
7.530604225425739706e+00
8.191458966508957218e+00
8.878485231164154001e+00
9.328853091350511662e+00
9.820386957752733181e+00
1.044449615826440869e+01
1.080925529349732983e+01
1.141260268299917691e+01
1.178759941633579444e+01
1.231858352246718269e+01
1.276362017610991018e+01
1.313497240195044924e+01
1.356272465251728043e+01
1.400812264366642523e+01
1.439192481914771449e+01
1.497289217218904511e+01
1.547990633046595654e+01
1.600000000000000000e+01
1.646655701717878628e+01
1.693192251340644461e+01
1.749078328720586484e+01
1.791724030089455511e+01
1.839966032295161114e+01
1.898262363320728952e+01
1.938627091526371871e+01
2.012032554408601115e+01
2.061910521821933884e+01
2.071134954559938635e+01
2.119410295341607409e+01
2.165981301858351671e+01
2.214108172605846647e+01
2.238275005445041543e+01
2.252642892249013684e+01
2.292574971511291437e+01
2.322557857191075570e+01
2.331651775029882145e+01
2.355095539463314580e+01
2.406013300046365444e+01
2.446073384017740082e+01
2.474974747345919823e+01
2.482820976228451215e+01
2.494714412512983515e+01
2.504251385144869957e+01
2.523781884394925257e+01
2.532706062692628990e+01
2.550544059607674896e+01
2.564853797002862379e+01
2.586749891272830482e+01
2.595163771325424307e+01
2.598249410660954695e+01
2.614306791484121106e+01
2.637441942488972302e+01
2.646393772664982791e+01
2.643761524797575291e+01
2.676266055533343291e+01
2.692192415114491411e+01
2.702036269186629625e+01
2.727068022620631638e+01
2.736165199690983130e+01
2.739233469421691680e+01
2.751086149141826098e+01
2.764127348730517397e+01
2.770356475257290541e+01
2.775590027363551471e+01
2.763417268528225890e+01
2.763417268528225890e+01
2.763417268528225890e+01
2.757040986274959238e+01
2.750431784284060299e+01
2.743405730109930474e+01
2.737421231743481798e+01
2.737421231743481798e+01
2.737421231743481798e+01
2.739064621362555840e+01
2.734666341621953478e+01
2.742858909969668701e+01
2.737809343252375172e+01
2.737809343252375172e+01
2.733546231546121419e+01
2.724334781189712729e+01
2.721116498792361327e+01
2.722113149742310156e+01
2.719609346946726447e+01
2.738407383863840039e+01
2.734611489773273263e+01
2.731350398612379138e+01
2.727526351843369667e+01
2.730476148952779170e+01
2.722939588018801516e+01
2.717738030053669362e+01
2.714751369831130390e+01
2.711752201068527413e+01
2.719977021961766184e+01
2.726151133007852678e+01
2.732302142882444684e+01
2.728552729928450660e+01
2.722664136466340068e+01
2.719793190667260774e+01
2.714088244696550234e+01
2.729555824671845699e+01
2.722218764170139238e+01
2.733331300812252707e+01
2.730911020154263369e+01
2.728845909904038791e+01
2.726586694018732260e+01
2.718358879912657855e+01
2.728273263439716345e+01
2.726517925853413615e+01
2.732814483275438278e+01
2.732814483275438278e+01
2.742785992380740012e+01
2.741185874762964403e+01
2.728644352054697464e+01
2.727892959776831461e+01
2.724353134232051232e+01
2.720638711773395357e+01
2.717094035914104921e+01
2.717094035914104921e+01
2.717094035914104921e+01
2.712982675949110956e+01
2.714221803758860219e+01
2.714221803758860219e+01
2.712913562942985024e+01
2.717738030053669362e+01
2.714456667548774860e+01
2.708966592632696191e+01
2.723673989301950726e+01
2.718984185316273638e+01
2.727563014854102974e+01
2.746538730839235853e+01
2.739064621362555485e+01
2.737809343252374816e+01
2.734570350164720054e+01
2.730586017689243050e+01
2.720748977763292586e+01
2.714125089232255661e+01
2.714125089232255661e+01
2.719999999999999929e+01
2.715377505983283868e+01
2.710696404985257857e+01
2.712982675949110956e+01
2.720565198630607995e+01
2.725669642491547506e+01
2.725669642491547506e+01
2.746106334430624329e+01
2.770464762454126628e+01
2.760869428277983673e+01
2.761027888305367739e+01
2.757879620288020917e+01
2.751545020529375307e+01
2.759578772204192632e+01
2.756374430297886846e+01
2.749381748684601590e+01
2.763019181981913164e+01
2.780377672187719185e+01
2.776954266818234984e+01
2.774576544267610956e+01
2.768189841755799918e+01
2.765248632582611066e+01
2.765248632582611066e+01
2.770360987308332668e+01
2.766672188749509687e+01
2.764416755845616080e+01
2.758423462777243529e+01
2.758423462777243529e+01
2.751654048022752619e+01
2.754650613054221608e+01
2.751231542418776499e+01
2.755444610221733370e+01
2.761611848178523232e+01
2.754523552268159747e+01
2.776436565095626463e+01
2.772773881873529334e+01
2.767033610204256178e+01
2.762245463386626554e+01
2.764579534034063357e+01
2.763019181981912809e+01
2.763019181981912809e+01
2.758128894740055514e+01
2.746361228971891677e+01
2.739598510731088865e+01
2.733331300812252351e+01
2.729029131394533181e+01
2.725669642491547506e+01
2.724701818548223997e+01
2.726073183170253955e+01
