1.250000000000000000e+00
2.600000000000000089e+00
3.750000000000000000e+00
4.849999999999999645e+00
6.349999999999999645e+00
7.450000000000000178e+00
8.449999999999999289e+00
9.699999999999999289e+00
1.100000000000000000e+01
1.240000000000000036e+01
1.369999999999999929e+01
1.494999999999999929e+01
1.605000000000000071e+01
1.725000000000000000e+01
1.855000000000000071e+01
1.989999999999999858e+01
2.144999999999999929e+01
2.255000000000000071e+01
2.400000000000000000e+01
2.514999999999999858e+01
2.639999999999999858e+01
2.780000000000000071e+01
2.910000000000000142e+01
3.069999999999999929e+01
3.200000000000000000e+01
3.339999999999999858e+01
3.450000000000000000e+01
3.560000000000000142e+01
3.689999999999999858e+01
3.835000000000000142e+01
3.960000000000000142e+01
4.070000000000000284e+01
4.189999999999999858e+01
4.310000000000000142e+01
4.429999999999999716e+01
4.550000000000000000e+01
4.685000000000000142e+01
4.810000000000000142e+01
4.910000000000000142e+01
5.060000000000000142e+01
5.175000000000000000e+01
5.295000000000000284e+01
5.425000000000000000e+01
5.545000000000000284e+01
5.664999999999999858e+01
5.795000000000000284e+01
5.939999999999999858e+01
6.045000000000000284e+01
6.170000000000000284e+01
6.285000000000000142e+01
6.409999999999999432e+01
6.534999999999999432e+01
6.645000000000000284e+01
6.770000000000000284e+01
6.865000000000000568e+01
7.004999999999999716e+01
7.115000000000000568e+01
7.229999999999999716e+01
7.375000000000000000e+01
7.484999999999999432e+01
7.629999999999999716e+01
7.754999999999999716e+01
7.879999999999999716e+01
8.015000000000000568e+01
8.150000000000000000e+01
8.284999999999999432e+01
8.395000000000000284e+01
8.525000000000000000e+01
8.634999999999999432e+01
8.770000000000000284e+01
8.900000000000000000e+01
9.034999999999999432e+01
9.140000000000000568e+01
9.254999999999999716e+01
9.370000000000000284e+01
9.490000000000000568e+01
9.645000000000000284e+01
9.804999999999999716e+01
9.929999999999999716e+01
1.006500000000000057e+02
1.019000000000000057e+02
1.030499999999999972e+02
1.042500000000000000e+02
1.055999999999999943e+02
1.066500000000000057e+02
1.077000000000000028e+02
1.090499999999999972e+02
1.102500000000000000e+02
1.114000000000000057e+02
1.125999999999999943e+02
1.135000000000000000e+02
1.147500000000000000e+02
1.157000000000000028e+02
1.169500000000000028e+02
1.182500000000000000e+02
1.194000000000000057e+02
1.207000000000000028e+02
1.218499999999999943e+02
1.228499999999999943e+02
1.241500000000000057e+02
1.252000000000000028e+02
1.264500000000000028e+02
1.277000000000000028e+02
1.291999999999999886e+02
1.305500000000000114e+02
1.320000000000000000e+02
1.329499999999999886e+02
1.341500000000000057e+02
1.354499999999999886e+02
1.367500000000000000e+02
1.381500000000000057e+02
1.395500000000000114e+02
1.408499999999999943e+02
1.419000000000000057e+02
1.435000000000000000e+02
1.445999999999999943e+02
1.455500000000000114e+02
1.468000000000000114e+02
1.478499999999999943e+02
1.487500000000000000e+02
1.497500000000000000e+02
1.506500000000000057e+02
1.518499999999999943e+02
1.530000000000000000e+02
1.543000000000000114e+02
1.553499999999999943e+02
1.564000000000000057e+02
1.575500000000000114e+02
1.588499999999999943e+02
1.600999999999999943e+02
1.612500000000000000e+02
1.622500000000000000e+02
1.635500000000000114e+02
1.645500000000000114e+02
1.656999999999999886e+02
1.668499999999999943e+02
1.680500000000000114e+02
1.690000000000000000e+02
1.702500000000000000e+02
1.715500000000000114e+02
1.729499999999999886e+02
1.740000000000000000e+02
1.750999999999999943e+02
1.761500000000000057e+02
1.772500000000000000e+02
1.780500000000000114e+02
1.789000000000000057e+02
1.798499999999999943e+02
1.806500000000000057e+02
1.817500000000000000e+02
1.828499999999999943e+02
1.840999999999999943e+02
1.853000000000000114e+02
1.864000000000000057e+02
1.874000000000000057e+02
1.885999999999999943e+02
1.895000000000000000e+02
1.907500000000000000e+02
1.916500000000000057e+02
1.929000000000000057e+02
1.941500000000000057e+02
1.952500000000000000e+02
1.963499999999999943e+02
1.975999999999999943e+02
1.985999999999999943e+02
1.996500000000000057e+02
2.007500000000000000e+02
2.019000000000000057e+02
2.031500000000000057e+02
2.039000000000000057e+02
2.046999999999999886e+02
2.056500000000000057e+02
2.067500000000000000e+02
2.078000000000000114e+02
2.087500000000000000e+02
2.100999999999999943e+02
2.113499999999999943e+02
2.123000000000000114e+02
2.131500000000000057e+02
2.140500000000000114e+02
2.150999999999999943e+02
2.159000000000000057e+02
2.170500000000000114e+02
2.181999999999999886e+02
2.194499999999999886e+02
2.206500000000000057e+02
2.216500000000000057e+02
2.228000000000000114e+02
2.236999999999999886e+02
2.247500000000000000e+02
2.256500000000000057e+02
2.265999999999999943e+02
2.278000000000000114e+02
2.289499999999999886e+02
2.295500000000000114e+02
2.305999999999999943e+02
2.315000000000000000e+02
2.324000000000000057e+02
2.338000000000000114e+02
2.346500000000000057e+02
