8.291561975888499525e-01
1.113552872566004437e+00
1.259960316835415206e+00
1.351850583459577537e+00
1.314343942809491406e+00
1.321930406640228428e+00
1.359227721906818953e+00
1.452583904633395484e+00
1.843908891458577504e+00
2.130727575266251783e+00
2.304343724360582435e+00
2.783433131943355843e+00
2.765411361804966717e+00
2.754541704167864147e+00
2.819131071802089661e+00
3.223352292257239959e+00
3.368605052540294409e+00
3.653423052426313156e+00
3.633180424916989892e+00
3.567562192870644022e+00
3.569313659514949055e+00
3.487119154832538648e+00
3.604164258188019776e+00
3.620773398046334357e+00
3.807886552931954327e+00
3.865229618017537394e+00
3.734969879396619508e+00
3.942080668885404648e+00
3.726929030716844782e+00
3.889408695418881123e+00
3.706750598570127675e+00
3.620773398046334801e+00
3.726929030716844782e+00
3.618010503025108626e+00
4.075536774462967138e+00
4.141255848169731024e+00
4.150602365922324566e+00
4.334743360338648266e+00
4.205948168962617473e+00
4.476605857119878351e+00
4.470738194079362238e+00
4.329838334164452185e+00
4.602988159880491814e+00
4.521891197275759389e+00
4.281062952118317000e+00
4.375785643744446674e+00
4.442971978304612435e+00
4.565906262725945020e+00
4.572745346069469363e+00
4.519679192155124703e+00
4.773887304912003415e+00
4.860812689252694163e+00
4.620335485654694985e+00
4.796873982084583155e+00
4.767336782733101685e+00
4.800781186432058867e+00
4.703987670051867021e+00
4.583666654546335373e+00
4.846390409366541974e+00
4.871088174114690972e+00
5.020956084253276330e+00
4.852576635149620010e+00
4.833218389437829110e+00
4.650537603331467373e+00
4.330127018922193649e+00
4.373499742768940379e+00
4.375785643744447562e+00
4.311322302959962549e+00
4.222262426709169958e+00
4.313930922024598047e+00
4.449719092257398145e+00
4.671991010265324817e+00
4.662617290749907717e+00
4.727314248069404812e+00
4.462062303464621849e+00
4.471017781221631182e+00
4.521891197275759389e+00
4.576843890717707808e+00
4.765501022977542078e+00
4.541750763747390174e+00
4.493328387732193896e+00
4.587755442479471313e+00
4.592112803492526929e+00
4.923413450036469463e+00
4.932291556670185706e+00
5.030904491242106147e+00
4.964624859946620283e+00
4.720963884632035423e+00
4.641120554348917793e+00
4.630334761116091435e+00
4.759201613716316892e+00
4.897703543498728607e+00
4.879549159502340139e+00
4.903825037661928121e+00
5.018714974971183018e+00
5.285830114561004933e+00
5.254521862167859325e+00
5.227571137727347050e+00
4.952524608722302268e+00
4.756837184516618855e+00
4.664761515876239883e+00
4.663421490708297590e+00
4.462062303464620072e+00
4.377213725647859377e+00
4.236448984704052734e+00
4.183300132670377813e+00
4.259988262894628619e+00
4.281062952118316112e+00
4.236448984704052734e+00
4.085033659592047783e+00
4.150602365922323678e+00
4.318275118609280483e+00
4.362052269287931772e+00
4.264973622427223887e+00
4.341658669218482203e+00
4.127953488110059688e+00
4.295055296500849273e+00
4.422668877499197571e+00
4.315958757912312649e+00
4.334454983039966791e+00
4.470738194079362238e+00
4.901785389018985306e+00
5.002749244165650921e+00
5.089204259999788427e+00
5.080354318352216403e+00
5.179527005432060349e+00
5.332916650389353919e+00
5.545042831214200163e+00
5.561249859518991201e+00
5.726255320888163247e+00
5.752173502251126891e+00
5.940328273757267574e+00
5.869199263954155477e+00
5.886212704277682839e+00
5.684188596448926489e+00
5.516112761719071500e+00
5.508856505664312841e+00
5.504543577809154264e+00
5.638040439727263653e+00
5.705041629997102959e+00
5.945376354781925166e+00
5.890670590009256635e+00
6.139218191268332347e+00
6.052065763026704737e+00
5.726037023980896201e+00
5.860674022670089300e+00
5.898304841223451334e+00
6.150406490631330492e+00
6.166644144103013758e+00
6.163400035694583501e+00
6.263186090162099262e+00
5.915234568468101806e+00
5.754128952326321489e+00
5.748043145279965849e+00
5.885575587824864563e+00
6.069596362197406947e+00
6.144102863722253893e+00
6.122703651165879890e+00
6.475144786026023169e+00
6.692533152700852028e+00
6.695334196289234541e+00
6.441079102138087542e+00
6.310903263400572172e+00
6.367102951892642082e+00
6.311893535223799034e+00
6.612677218797239576e+00
6.774031296059976448e+00
6.905794668247819956e+00
6.980508577460527775e+00
7.013558298039591854e+00
7.253275122315436363e+00
7.157338890956610022e+00
7.161529166316367601e+00
7.096477999684067228e+00
7.041839248378224170e+00
6.876772498781678067e+00
7.016231182052084847e+00
6.611353870426239787e+00
6.864947195718259287e+00
6.996248994997249504e+00
7.279423054061360254e+00
7.374957626996917703e+00
7.399155357201254724e+00
7.626270385975047361e+00
7.781227409605762979e+00
7.792785124716322009e+00
7.689440811918639263e+00
7.769169839822012591e+00
7.701298591796061466e+00
7.608383533970931367e+00
7.617578355356772413e+00
7.459222479588607513e+00
7.736924453553879921e+00
7.723179397113601574e+00
7.513155129504515806e+00
7.492663077971675634e+00
7.032069396699665909e+00
6.931089380465381922e+00
6.749814812274480325e+00
6.567153112270186277e+00
