1.100000000000000089e+00
2.350000000000000089e+00
3.600000000000000089e+00
4.849999999999999645e+00
6.299999999999999822e+00
7.750000000000000000e+00
8.949999999999999289e+00
1.030000000000000071e+01
1.150000000000000000e+01
1.259999999999999964e+01
1.380000000000000071e+01
1.494999999999999929e+01
1.625000000000000000e+01
1.750000000000000000e+01
1.850000000000000000e+01
1.969999999999999929e+01
2.080000000000000071e+01
2.219999999999999929e+01
2.339999999999999858e+01
2.469999999999999929e+01
2.589999999999999858e+01
2.700000000000000000e+01
2.839999999999999858e+01
2.969999999999999929e+01
3.110000000000000142e+01
3.235000000000000142e+01
3.339999999999999858e+01
3.445000000000000284e+01
3.570000000000000284e+01
3.689999999999999858e+01
3.820000000000000284e+01
3.910000000000000142e+01
4.035000000000000142e+01
4.154999999999999716e+01
4.275000000000000000e+01
4.404999999999999716e+01
4.529999999999999716e+01
4.664999999999999858e+01
4.800000000000000000e+01
4.914999999999999858e+01
5.045000000000000284e+01
5.160000000000000142e+01
5.270000000000000284e+01
5.379999999999999716e+01
5.520000000000000284e+01
5.635000000000000142e+01
5.754999999999999716e+01
5.885000000000000142e+01
5.989999999999999858e+01
6.095000000000000284e+01
6.210000000000000142e+01
6.320000000000000284e+01
6.459999999999999432e+01
6.565000000000000568e+01
6.654999999999999716e+01
6.779999999999999716e+01
6.884999999999999432e+01
7.009999999999999432e+01
7.115000000000000568e+01
7.220000000000000284e+01
7.329999999999999716e+01
7.429999999999999716e+01
7.540000000000000568e+01
7.640000000000000568e+01
7.759999999999999432e+01
7.875000000000000000e+01
7.959999999999999432e+01
8.079999999999999716e+01
8.200000000000000000e+01
8.315000000000000568e+01
8.415000000000000568e+01
8.550000000000000000e+01
8.670000000000000284e+01
8.795000000000000284e+01
8.915000000000000568e+01
9.020000000000000284e+01
9.120000000000000284e+01
9.240000000000000568e+01
9.334999999999999432e+01
9.434999999999999432e+01
9.554999999999999716e+01
9.665000000000000568e+01
9.759999999999999432e+01
9.870000000000000284e+01
9.984999999999999432e+01
1.009500000000000028e+02
1.018499999999999943e+02
1.028499999999999943e+02
1.041500000000000057e+02
1.054500000000000028e+02
1.065999999999999943e+02
1.079500000000000028e+02
1.090499999999999972e+02
1.100999999999999943e+02
1.110999999999999943e+02
1.119000000000000057e+02
1.129500000000000028e+02
1.139500000000000028e+02
1.152500000000000000e+02
1.161500000000000057e+02
1.170499999999999972e+02
1.182500000000000000e+02
1.190499999999999972e+02
1.200499999999999972e+02
1.210999999999999943e+02
1.220999999999999943e+02
1.232999999999999972e+02
1.245000000000000000e+02
1.255000000000000000e+02
1.265000000000000000e+02
1.277500000000000000e+02
1.288000000000000114e+02
1.300000000000000000e+02
1.311999999999999886e+02
1.323000000000000114e+02
1.334499999999999886e+02
1.345000000000000000e+02
1.354499999999999886e+02
1.368499999999999943e+02
1.380999999999999943e+02
1.391500000000000057e+02
1.401999999999999886e+02
1.413000000000000114e+02
1.425500000000000114e+02
1.437500000000000000e+02
1.446500000000000057e+02
1.455500000000000114e+02
1.467500000000000000e+02
1.478000000000000114e+02
1.488499999999999943e+02
1.499499999999999886e+02
1.510000000000000000e+02
1.521500000000000057e+02
1.531500000000000057e+02
1.541999999999999886e+02
1.554000000000000057e+02
1.566999999999999886e+02
1.580000000000000000e+02
1.589499999999999886e+02
1.599000000000000057e+02
1.608000000000000114e+02
1.619000000000000057e+02
1.631999999999999886e+02
1.644000000000000057e+02
1.655999999999999943e+02
1.668000000000000114e+02
1.677500000000000000e+02
1.689499999999999886e+02
1.701999999999999886e+02
1.714000000000000057e+02
1.726500000000000057e+02
1.736500000000000057e+02
1.747500000000000000e+02
1.759000000000000057e+02
1.768499999999999943e+02
1.779499999999999886e+02
1.790999999999999943e+02
1.803000000000000114e+02
1.813499999999999943e+02
1.824000000000000057e+02
1.836500000000000057e+02
1.849499999999999886e+02
1.860000000000000000e+02
1.869499999999999886e+02
1.880999999999999943e+02
1.890999999999999943e+02
1.901500000000000057e+02
1.913499999999999943e+02
1.924499999999999886e+02
1.936999999999999886e+02
1.945000000000000000e+02
1.955999999999999943e+02
1.968499999999999943e+02
1.976999999999999886e+02
1.987500000000000000e+02
1.997500000000000000e+02
2.006999999999999886e+02
2.018000000000000114e+02
2.029000000000000057e+02
2.038000000000000114e+02
2.049499999999999886e+02
2.061999999999999886e+02
2.071500000000000057e+02
2.082500000000000000e+02
2.096500000000000057e+02
2.105000000000000000e+02
2.116999999999999886e+02
2.128499999999999943e+02
2.140000000000000000e+02
2.150500000000000114e+02
2.160000000000000000e+02
2.168000000000000114e+02
2.176999999999999886e+02
2.190000000000000000e+02
2.197500000000000000e+02
2.208499999999999943e+02
2.220500000000000114e+02
2.234000000000000057e+02
2.245000000000000000e+02
2.256999999999999886e+02
