7.921489758877430232e-01
1.204159457879229622e+00
1.326649916142160102e+00
1.568438714135812262e+00
1.640121946685672683e+00
1.558043645088288409e+00
1.688194301613413328e+00
1.745709025009609228e+00
1.739971264130531381e+00
1.596871942267131139e+00
1.651514456491374627e+00
1.564448784716201413e+00
1.646207763315433059e+00
1.961504524593303156e+00
2.006863224038947902e+00
1.939071942966531736e+00
1.910497317454280086e+00
1.768473918382739596e+00
1.449137674618943938e+00
1.676305461424021370e+00
1.907878402833891096e+00
1.959591794226542172e+00
2.080264406271472133e+00
2.014944167960988519e+00
1.984943324127920627e+00
2.107130750570547661e+00
1.843908891458577504e+00
1.883480820183736082e+00
2.031624965391004345e+00
2.049390153191919861e+00
2.280350850198276103e+00
2.108909670896313759e+00
2.441311123146741036e+00
2.487468592766549857e+00
2.819131071802089661e+00
2.930870177950569033e+00
2.957617284234051347e+00
3.070423423568807930e+00
3.144837038703277798e+00
3.096368841078207090e+00
3.307567081708245649e+00
3.163858403911275374e+00
2.917190429162964449e+00
2.694438717061495403e+00
2.736786436680802126e+00
2.885740806101615430e+00
2.815581645060216687e+00
2.745906043549196429e+00
2.710627233685960480e+00
2.925747767665557664e+00
2.878801834096956114e+00
2.872281323269014308e+00
3.411744421846395703e+00
3.217141588429082599e+00
3.198046278589476987e+00
3.247691487810997035e+00
3.385262175962150621e+00
3.477067730142741286e+00
3.547886694921358330e+00
3.827205246651922632e+00
4.169832130913665225e+00
4.455053310567675062e+00
4.501110973970759765e+00
4.576843890717707808e+00
4.731807265728391165e+00
5.074199444247338597e+00
5.171798526624950654e+00
5.156306817868773429e+00
5.341114115987411815e+00
5.063595560468866275e+00
5.200721103847042670e+00
5.584800802177281476e+00
5.448853090330111115e+00
5.331744555021367127e+00
5.277073052365297556e+00
5.261891294962296683e+00
5.306599664568640407e+00
5.132981589680603030e+00
5.078385570237848867e+00
5.309425580983313964e+00
5.175905717843013676e+00
5.508175741568164696e+00
5.563272418280448939e+00
5.792020372892347169e+00
5.782732917920384352e+00
5.691001669302163002e+00
5.792020372892347169e+00
5.694514904713130932e+00
5.625611077918558856e+00
5.402777063696040827e+00
5.430239405403780140e+00
5.499090833947008150e+00
5.367494760127857312e+00
5.557652382076446074e+00
5.676926985614663579e+00
5.912698199637793195e+00
5.931905258852336438e+00
5.607807058021879065e+00
5.543239125276844703e+00
5.987278179607157469e+00
6.296030495478877498e+00
6.453681120105020597e+00
6.504613747179766037e+00
6.670082458260917058e+00
6.725139403759598622e+00
6.932532004974805595e+00
6.799080820228570410e+00
6.796322535018479272e+00
6.614189292725149549e+00
6.614189292725149549e+00
6.697760819856139136e+00
6.752036729757918465e+00
6.613622305514580191e+00
6.837214345038483465e+00
6.409953197957064752e+00
6.505958807124434529e+00
6.456585785072478600e+00
6.692533152700852028e+00
6.595452979136459781e+00
6.659391864126934735e+00
7.007139216541940385e+00
7.102640354121840360e+00
7.431520705750607192e+00
7.442277877101875383e+00
7.582051173660066645e+00
7.471780243021069801e+00
7.605754400452330088e+00
7.465085398037989428e+00
7.529940238806680064e+00
7.344896187149278610e+00
7.527283706623524751e+00
7.734823850612243312e+00
7.877816956492452505e+00
8.042853971072705832e+00
8.133111335768127503e+00
8.328265125462804619e+00
8.532291603080617293e+00
8.467585252006619712e+00
8.508818954473058582e+00
8.449260322655469224e+00
8.321508276748872390e+00
8.270429251254133973e+00
8.099382692526633676e+00
8.439638617855624858e+00
8.563147785715251814e+00
8.605085705558082054e+00
8.817454281140333805e+00
9.056903444334603037e+00
8.889741278574986083e+00
8.860586888011425799e+00
9.012630026801277339e+00
8.963816151617567840e+00
9.334880824091971618e+00
9.184225606985053858e+00
9.140021881811881244e+00
8.845761696993653445e+00
8.776531205436462812e+00
8.837986195961159197e+00
8.634089413481886410e+00
8.291411218845681219e+00
8.209141246196219655e+00
8.157665107124710602e+00
8.384509526501833676e+00
8.546783020528836872e+00
8.690655901599141586e+00
8.688498144098323550e+00
8.977750274985375256e+00
8.995971320541212179e+00
8.961584681293818022e+00
8.783364958829844582e+00
9.032579919380729905e+00
9.148087231765993366e+00
9.226456524581903906e+00
9.018869108707587401e+00
9.356682104250415577e+00
9.588534820294496441e+00
9.507234087788098975e+00
9.822932352408827228e+00
9.766780431646859384e+00
1.021897744395201180e+01
1.076231852344094087e+01
1.071494283699171035e+01
1.046183540302560822e+01
1.025377979088687042e+01
1.049892851675826932e+01
1.056633806008495924e+01
1.039903841708453314e+01
1.036472382651848356e+01
1.046076001063020300e+01
1.047127021903264676e+01
1.069053319530882895e+01
1.094657480676033146e+01
1.089713265038101575e+01
1.100181803158005245e+01
1.072135719020684519e+01
1.056219674120871410e+01
1.034347620483558750e+01
1.014839888849467719e+01
1.031746092796091041e+01
1.050428484000695661e+01
