1.149999999999999911e+00
2.500000000000000000e+00
3.799999999999999822e+00
4.799999999999999822e+00
6.099999999999999645e+00
7.150000000000000355e+00
8.500000000000000000e+00
9.949999999999999289e+00
1.115000000000000036e+01
1.250000000000000000e+01
1.365000000000000036e+01
1.494999999999999929e+01
1.630000000000000071e+01
1.755000000000000071e+01
1.885000000000000142e+01
2.019999999999999929e+01
2.150000000000000000e+01
2.264999999999999858e+01
2.400000000000000000e+01
2.530000000000000071e+01
2.639999999999999858e+01
2.760000000000000142e+01
2.864999999999999858e+01
3.019999999999999929e+01
3.160000000000000142e+01
3.260000000000000142e+01
3.400000000000000000e+01
3.545000000000000284e+01
3.664999999999999858e+01
3.800000000000000000e+01
3.900000000000000000e+01
4.054999999999999716e+01
4.179999999999999716e+01
4.275000000000000000e+01
4.395000000000000284e+01
4.510000000000000142e+01
4.645000000000000284e+01
4.764999999999999858e+01
4.889999999999999858e+01
5.025000000000000000e+01
5.139999999999999858e+01
5.229999999999999716e+01
5.370000000000000284e+01
5.479999999999999716e+01
5.610000000000000142e+01
5.714999999999999858e+01
5.835000000000000142e+01
5.939999999999999858e+01
6.054999999999999716e+01
6.179999999999999716e+01
6.275000000000000000e+01
6.350000000000000000e+01
6.459999999999999432e+01
6.550000000000000000e+01
6.665000000000000568e+01
6.745000000000000284e+01
6.879999999999999716e+01
7.009999999999999432e+01
7.125000000000000000e+01
7.254999999999999716e+01
7.375000000000000000e+01
7.495000000000000284e+01
7.579999999999999716e+01
7.704999999999999716e+01
7.809999999999999432e+01
7.904999999999999716e+01
8.004999999999999716e+01
8.125000000000000000e+01
8.234999999999999432e+01
8.340000000000000568e+01
8.454999999999999716e+01
8.590000000000000568e+01
8.709999999999999432e+01
8.815000000000000568e+01
8.945000000000000284e+01
9.075000000000000000e+01
9.179999999999999716e+01
9.295000000000000284e+01
9.409999999999999432e+01
9.509999999999999432e+01
9.609999999999999432e+01
9.740000000000000568e+01
9.850000000000000000e+01
9.954999999999999716e+01
1.004000000000000057e+02
1.017500000000000000e+02
1.025499999999999972e+02
1.036500000000000057e+02
1.049500000000000028e+02
1.060999999999999943e+02
1.072500000000000000e+02
1.085999999999999943e+02
1.097000000000000028e+02
1.107500000000000000e+02
1.118499999999999943e+02
1.127999999999999972e+02
1.142500000000000000e+02
1.154500000000000028e+02
1.166500000000000057e+02
1.174500000000000028e+02
1.184000000000000057e+02
1.195000000000000000e+02
1.207000000000000028e+02
1.219000000000000057e+02
1.231500000000000057e+02
1.242000000000000028e+02
1.251500000000000057e+02
1.259000000000000057e+02
1.270499999999999972e+02
1.280500000000000114e+02
1.288000000000000114e+02
1.299000000000000057e+02
1.305999999999999943e+02
1.319499999999999886e+02
1.327500000000000000e+02
1.333499999999999943e+02
1.342500000000000000e+02
1.349000000000000057e+02
1.360000000000000000e+02
1.369499999999999886e+02
1.380000000000000000e+02
1.390500000000000114e+02
1.398499999999999943e+02
1.412500000000000000e+02
1.422500000000000000e+02
1.433499999999999943e+02
1.444499999999999886e+02
1.451500000000000057e+02
1.460000000000000000e+02
1.470500000000000114e+02
1.481999999999999886e+02
1.491500000000000057e+02
1.501999999999999886e+02
1.512500000000000000e+02
1.525500000000000114e+02
1.538000000000000114e+02
1.550000000000000000e+02
1.560000000000000000e+02
1.570000000000000000e+02
1.580999999999999943e+02
1.590500000000000114e+02
1.600000000000000000e+02
1.610000000000000000e+02
1.618499999999999943e+02
1.631500000000000057e+02
1.640500000000000114e+02
1.649499999999999886e+02
1.658499999999999943e+02
1.668499999999999943e+02
1.683000000000000114e+02
1.693499999999999943e+02
1.705000000000000000e+02
1.714000000000000057e+02
1.725000000000000000e+02
1.735999999999999943e+02
1.745500000000000114e+02
1.756500000000000057e+02
1.766999999999999886e+02
1.779499999999999886e+02
1.790500000000000114e+02
1.799000000000000057e+02
1.809499999999999886e+02
1.820000000000000000e+02
1.830500000000000114e+02
1.838499999999999943e+02
1.850999999999999943e+02
1.860000000000000000e+02
1.871500000000000057e+02
1.883000000000000114e+02
1.894499999999999886e+02
1.902500000000000000e+02
1.912500000000000000e+02
1.923499999999999943e+02
1.934000000000000057e+02
1.944499999999999886e+02
1.955999999999999943e+02
1.967500000000000000e+02
1.979000000000000057e+02
1.989000000000000057e+02
1.998499999999999943e+02
2.008499999999999943e+02
2.016999999999999886e+02
2.025000000000000000e+02
2.035999999999999943e+02
2.046500000000000057e+02
2.055500000000000114e+02
2.064000000000000057e+02
2.073499999999999943e+02
2.081500000000000057e+02
2.090500000000000114e+02
2.102500000000000000e+02
2.111500000000000057e+02
2.120500000000000114e+02
2.125999999999999943e+02
2.134499999999999886e+02
2.141999999999999886e+02
2.152500000000000000e+02
2.159000000000000057e+02
2.165000000000000000e+02
2.174000000000000057e+02
