1.100000000000000089e+00
2.149999999999999911e+00
3.299999999999999822e+00
4.000000000000000000e+00
4.950000000000000178e+00
5.650000000000000355e+00
6.349999999999999645e+00
7.349999999999999645e+00
8.050000000000000711e+00
8.599999999999999645e+00
9.250000000000000000e+00
9.900000000000000355e+00
1.025000000000000000e+01
1.075000000000000000e+01
1.130000000000000071e+01
1.200000000000000000e+01
1.265000000000000036e+01
1.315000000000000036e+01
1.359999999999999964e+01
1.425000000000000000e+01
1.459999999999999964e+01
1.505000000000000071e+01
1.555000000000000071e+01
1.594999999999999929e+01
1.630000000000000071e+01
1.664999999999999858e+01
1.694999999999999929e+01
1.735000000000000142e+01
1.785000000000000142e+01
1.825000000000000000e+01
1.864999999999999858e+01
1.900000000000000000e+01
1.944999999999999929e+01
1.989999999999999858e+01
2.035000000000000142e+01
2.064999999999999858e+01
2.094999999999999929e+01
2.139999999999999858e+01
2.164999999999999858e+01
2.214999999999999858e+01
2.255000000000000071e+01
2.280000000000000071e+01
2.310000000000000142e+01
2.344999999999999929e+01
2.385000000000000142e+01
2.425000000000000000e+01
2.460000000000000142e+01
2.489999999999999858e+01
2.514999999999999858e+01
2.519999999999999929e+01
2.544999999999999929e+01
2.589999999999999858e+01
2.614999999999999858e+01
2.650000000000000000e+01
2.660000000000000142e+01
2.680000000000000071e+01
2.685000000000000142e+01
2.694999999999999929e+01
2.719999999999999929e+01
2.735000000000000142e+01
2.755000000000000071e+01
2.764999999999999858e+01
2.775000000000000000e+01
2.789999999999999858e+01
2.819999999999999929e+01
2.830000000000000071e+01
2.839999999999999858e+01
2.844999999999999929e+01
2.860000000000000142e+01
2.889999999999999858e+01
2.900000000000000000e+01
2.910000000000000142e+01
2.919999999999999929e+01
2.939999999999999858e+01
2.955000000000000071e+01
2.960000000000000142e+01
2.975000000000000000e+01
2.989999999999999858e+01
3.005000000000000071e+01
3.005000000000000071e+01
3.005000000000000071e+01
3.014999999999999858e+01
3.025000000000000000e+01
3.035000000000000142e+01
3.044999999999999929e+01
3.044999999999999929e+01
3.044999999999999929e+01
3.055000000000000071e+01
3.060000000000000142e+01
3.064999999999999858e+01
3.080000000000000071e+01
3.080000000000000071e+01
3.085000000000000142e+01
3.100000000000000000e+01
3.105000000000000071e+01
3.110000000000000142e+01
3.114999999999999858e+01
3.125000000000000000e+01
3.130000000000000071e+01
3.135000000000000142e+01
3.139999999999999858e+01
3.150000000000000000e+01
3.160000000000000142e+01
3.169999999999999929e+01
3.175000000000000000e+01
3.180000000000000071e+01
3.185000000000000142e+01
3.189999999999999858e+01
3.194999999999999929e+01
3.200000000000000000e+01
3.210000000000000142e+01
3.214999999999999858e+01
3.235000000000000142e+01
3.245000000000000284e+01
3.254999999999999716e+01
3.270000000000000284e+01
3.275000000000000000e+01
3.279999999999999716e+01
3.285000000000000142e+01
3.295000000000000284e+01
3.304999999999999716e+01
3.310000000000000142e+01
3.314999999999999858e+01
3.314999999999999858e+01
3.325000000000000000e+01
3.329999999999999716e+01
3.350000000000000000e+01
3.360000000000000142e+01
3.370000000000000284e+01
3.375000000000000000e+01
3.379999999999999716e+01
3.379999999999999716e+01
3.379999999999999716e+01
3.385000000000000142e+01
3.400000000000000000e+01
3.400000000000000000e+01
3.410000000000000142e+01
3.429999999999999716e+01
3.435000000000000142e+01
3.450000000000000000e+01
3.460000000000000142e+01
3.475000000000000000e+01
3.479999999999999716e+01
3.495000000000000284e+01
3.504999999999999716e+01
3.520000000000000284e+01
3.525000000000000000e+01
3.529999999999999716e+01
3.545000000000000284e+01
3.554999999999999716e+01
3.554999999999999716e+01
3.560000000000000142e+01
3.564999999999999858e+01
3.575000000000000000e+01
3.585000000000000142e+01
3.604999999999999716e+01
3.614999999999999858e+01
3.614999999999999858e+01
3.629999999999999716e+01
3.645000000000000284e+01
3.660000000000000142e+01
3.685000000000000142e+01
3.689999999999999858e+01
3.700000000000000000e+01
3.714999999999999858e+01
3.720000000000000284e+01
3.729999999999999716e+01
3.735000000000000142e+01
3.750000000000000000e+01
3.754999999999999716e+01
3.764999999999999858e+01
3.775000000000000000e+01
3.779999999999999716e+01
3.779999999999999716e+01
3.789999999999999858e+01
3.795000000000000284e+01
3.800000000000000000e+01
3.810000000000000142e+01
3.810000000000000142e+01
3.820000000000000284e+01
3.829999999999999716e+01
3.835000000000000142e+01
3.845000000000000284e+01
3.850000000000000000e+01
3.860000000000000142e+01
3.879999999999999716e+01
3.885000000000000142e+01
3.895000000000000284e+01
3.900000000000000000e+01
3.910000000000000142e+01
3.914999999999999858e+01
3.914999999999999858e+01
3.935000000000000142e+01
3.950000000000000000e+01
3.960000000000000142e+01
3.970000000000000284e+01
3.979999999999999716e+01
3.985000000000000142e+01
4.000000000000000000e+01
4.004999999999999716e+01
