8.888194417315590234e-01
1.589811309558464281e+00
2.177154105707724163e+00
2.761792895928295355e+00
3.348133808556641000e+00
3.766629793329840936e+00
4.128861828639946552e+00
4.828043081829323846e+00
5.670097000933934872e+00
6.327716807822550749e+00
6.925315877272313791e+00
7.486487828080668372e+00
8.017948615450213978e+00
8.668909966079933582e+00
9.107689059250979824e+00
9.664884893261792342e+00
1.017152889196112930e+01
1.067520491606601318e+01
1.120000000000000107e+01
1.162798348812037119e+01
1.222661032338889875e+01
1.273970172335286755e+01
1.322648857406983858e+01
1.379528905097678582e+01
1.434538253236908112e+01
1.497756655802270132e+01
1.548676854608475040e+01
1.615077397526199121e+01
1.674246098995007515e+01
1.748685220387019612e+01
1.824719156473127057e+01
1.859811818437553654e+01
1.933461921011117468e+01
1.975468298910412912e+01
2.008948730057588961e+01
2.073999758919947567e+01
2.146182657650555470e+01
2.193461875665952832e+01
2.250111108367762469e+01
2.301580978371171682e+01
2.344029649983122354e+01
2.375373654817279601e+01
2.428600419995022719e+01
2.493912588684695564e+01
2.517260415610589774e+01
2.575320368420208794e+01
2.639976325651425171e+01
2.680722850277514269e+01
2.708855847032101138e+01
2.763960021418544244e+01
2.812276657798802049e+01
2.857726368986365628e+01
2.910051545935225903e+01
2.960114018074304099e+01
3.006073019738542484e+01
3.066039791000762449e+01
3.114044797365638217e+01
3.179449637909051773e+01
3.220756898618707709e+01
3.271024304403744054e+01
3.306675067193630468e+01
3.380990978988261020e+01
3.446940672538475781e+01
3.489469873777390774e+01
3.552660974537255356e+01
3.614121608357969961e+01
3.644914265109674290e+01
3.708719455553358557e+01
3.779417944604698221e+01
3.823646819464370594e+01
3.879081721232488178e+01
3.933636993928138281e+01
4.010997382198098649e+01
4.072772397274368217e+01
4.136940294468848123e+01
4.200666613765010737e+01
4.252011288790282606e+01
4.282219050912738112e+01
4.358471635791610765e+01
4.395483477389035443e+01
4.449997191010349695e+01
4.472725679046279623e+01
4.499822218710423982e+01
4.540715802602052520e+01
4.597529227748313474e+01
4.651287456178128110e+01
4.706726569496044021e+01
4.760911152290074000e+01
4.835418802958022866e+01
4.890242836506179458e+01
4.959072493924645642e+01
5.015523402397798947e+01
5.033733703723311237e+01
5.076504703041256761e+01
5.137888671429149667e+01
5.195565416776118894e+01
5.255803934699238766e+01
5.320476952304182561e+01
5.371021783608776445e+01
5.430034530276948601e+01
5.496132731293887019e+01
5.556516444680065803e+01
5.616535854065207900e+01
5.664139387409176152e+01
5.702885234686035432e+01
5.756813354625977297e+01
5.823495513864503437e+01
5.871158318424057398e+01
5.928701375512178373e+01
6.000041666521991601e+01
6.042836668320599358e+01
6.089466314875221542e+01
6.132210042064769340e+01
6.186242801571887640e+01
6.242603623489160469e+01
6.289155348693495995e+01
6.327677298977879872e+01
6.373105600882508526e+01
6.409857642724992388e+01
6.446619269043272027e+01
6.507632057822569038e+01
6.566170878068891170e+01
6.629487159652698836e+01
6.700781670820202862e+01
6.745952490197363716e+01
6.797151977115120758e+01
6.863197141274612534e+01
6.904771900649578242e+01
6.950223018004530218e+01
7.010369105831732384e+01
7.057370260939977413e+01
7.102534758802663362e+01
7.157323172806995615e+01
7.211606963777214219e+01
7.253385416479673609e+01
7.297424203100707985e+01
7.347523392273072318e+01
7.410330626901878759e+01
7.461331985644386577e+01
7.522293533225089845e+01
7.582321544223775334e+01
7.626001573563961244e+01
7.675714950413413362e+01
7.736110133652441334e+01
7.774406729776877967e+01
7.800999935905652194e+01
7.854035586881434483e+01
7.916215952082157514e+01
7.984522527991263985e+01
8.029221631017541938e+01
8.075659415800049601e+01
8.133466358201772550e+01
8.178378506770152967e+01
8.229817737957506552e+01
8.288623227050437947e+01
8.334475088450381008e+01
8.369641569386350000e+01
8.429300089568528165e+01
8.478400497735407271e+01
8.545841093771869623e+01
8.603213062571448688e+01
8.669802477565448839e+01
8.709764635166669677e+01
8.740507708365686312e+01
8.806582765181963168e+01
8.869323536775507932e+01
8.905407065373260878e+01
8.956688841307372684e+01
8.999859721128991907e+01
9.059751652225352814e+01
9.099148311792703225e+01
9.164682209438579719e+01
9.219233970346995477e+01
9.254355731221920678e+01
9.302788560426384379e+01
9.337016386405241519e+01
9.394791109971524179e+01
9.440317791261054481e+01
9.497836595772744772e+01
9.542829768994101869e+01
9.600128905384552525e+01
9.667140218285861408e+01
9.703467163854371336e+01
9.753813356836391790e+01
9.800371166440585569e+01
9.859944218909151914e+01
9.924973551602037958e+01
9.966156480810442986e+01
1.003209848436507343e+02
1.008134291649679000e+02
1.013725801190834801e+02
1.018624562829701290e+02
1.022849451287920459e+02
1.024836572337267881e+02
1.027077772128284323e+02
1.031815269319077402e+02
1.035400767818915710e+02
1.040554659784866942e+02
1.045215288828095908e+02
1.048728277486594749e+02
