0.000000000000000000e+00
5.947426500000043692e-01
8.133396500000031892e-01
9.354713000000011158e-01
1.071493700000000660e+00
1.196807450000009654e+00
1.310581700000007732e+00
1.438864000000004806e+00
1.559371200000003066e+00
1.688718899999997802e+00
1.808472000000002966e+00
1.927879349999997771e+00
2.051287300000000702e+00
2.171325050000003198e+00
2.292359549999997803e+00
2.413285950000002344e+00
2.528893199999997954e+00
2.647452100000006858e+00
2.762138950000002424e+00
2.886541049999999053e+00
3.010317500000005531e+00
3.148978100000001668e+00
3.292555349999993553e+00
3.457189649999997894e+00
3.591508849999988762e+00
3.725321900000006625e+00
3.864810650000004788e+00
3.994387550000003451e+00
4.118113350000006001e+00
4.234069000000004301e+00
4.357665450000006047e+00
4.477270150000005167e+00
4.612442100000004430e+00
4.744564500000002738e+00
4.875574200000007963e+00
5.007358549999992192e+00
5.135107000000016519e+00
5.263746349999996355e+00
5.387291249999999643e+00
5.507575100000001278e+00
5.631324450000009918e+00
5.750010949999991183e+00
5.869218999999996633e+00
6.002100550000010415e+00
6.131654400000003946e+00
6.259543900000004157e+00
6.380008750000003559e+00
6.498753449999997045e+00
6.632015000000004434e+00
6.756963500000003009e+00
6.880744650000002238e+00
7.012428800000000351e+00
7.133585150000007147e+00
7.260281449999991032e+00
7.388259800000000155e+00
7.516075850000001779e+00
7.649078849999993324e+00
7.772273050000004346e+00
7.887694650000005581e+00
8.017854700000006218e+00
8.148893750000009817e+00
8.275130999999991133e+00
8.406526100000002444e+00
8.532587499999998215e+00
8.662375949999999492e+00
8.794752799999997706e+00
8.922439699999999974e+00
9.040835800000010636e+00
9.168066149999994252e+00
9.285458049999999020e+00
9.417323450000003149e+00
9.548646100000008019e+00
9.673256000000009180e+00
9.790351600000009924e+00
9.915216950000001361e+00
1.003479580000000837e+01
1.016577605000001050e+01
1.029384794999999642e+01
1.043155830000000606e+01
1.055924000000000618e+01
1.069323385000000393e+01
1.081257885000000840e+01
1.093581249999999372e+01
1.106517904999999580e+01
1.118993065000001863e+01
1.131975564999999584e+01
1.144413809999999643e+01
1.157149510000000880e+01
1.169479664999999713e+01
1.181731750000001213e+01
1.194455770000000605e+01
1.206929440000000398e+01
1.219388955000000330e+01
1.232132054999999582e+01
1.244591389999999720e+01
1.257078554999999298e+01
1.269912524999999803e+01
1.282904120000001669e+01
1.296159239999999713e+01
1.308864715000000345e+01
1.322641690000001446e+01
1.336141165000001330e+01
1.354572310000000890e+01
1.368586755000000110e+01
1.382922785000001298e+01
1.396607195000000345e+01
1.410440330000001019e+01
1.423453624999999612e+01
1.437382994999999752e+01
1.449973830000000063e+01
1.462468629999999692e+01
1.475288459999999624e+01
1.488048704999999927e+01
1.500680195000000516e+01
1.513437934999999968e+01
1.526284040000000530e+01
1.539335850000001393e+01
1.552157310000001189e+01
1.564850835000000906e+01
1.577621780000000662e+01
1.590754025000000027e+01
1.603408274999999961e+01
1.616429494999999150e+01
1.629212375000000179e+01
1.641151805000001218e+01
1.653567440000001199e+01
1.666469700000001097e+01
1.679816884999998905e+01
1.691972175000000078e+01
1.704903904999999753e+01
1.717095665000000437e+01
1.729380865000000611e+01
1.742829950000000139e+01
1.755219385000000898e+01
1.768075415000000206e+01
1.779994130000000752e+01
1.792142725000000425e+01
1.804067440000000389e+01
1.816832100000000949e+01
1.830645694999999051e+01
1.844470234999999647e+01
1.857015905000001155e+01
1.870107904999999704e+01
1.882138555000000935e+01
1.895333500000000271e+01
1.908663404999999713e+01
1.921753120000000337e+01
1.935798205000001104e+01
1.948235265000000282e+01
1.960400010000000037e+01
1.973549609999999888e+01
1.987033315000000044e+01
2.000182575000000540e+01
2.012692150000000169e+01
2.025255120000002051e+01
2.038060559999999555e+01
2.050822965000001474e+01
2.064020715000000195e+01
2.076686435000001651e+01
2.090139804999999029e+01
2.103380489999999980e+01
2.115848940000000411e+01
2.128297450000000168e+01
2.141131820000000729e+01
2.153910155000000515e+01
2.166697090000000259e+01
2.180524095000000528e+01
2.193432375000000079e+01
2.206978075000000672e+01
2.218957870000000909e+01
2.231131125000000992e+01
2.243919275000000724e+01
2.256837205000000068e+01
2.270034895000000574e+01
2.282295270000000897e+01
2.294565195000001268e+01
2.308164995000000275e+01
2.321103805000001330e+01
2.333855335000000508e+01
2.347368245000000542e+01
2.361244815000001296e+01
2.374593585000000218e+01
2.387586795000000350e+01
2.401172975000000420e+01
2.415034305000001069e+01
2.427308704999999378e+01
2.440097134999999895e+01
2.452763850000000190e+01
2.464835285000000908e+01
2.477701505000000992e+01
2.490894304999999775e+01
2.503371125000000319e+01
2.516318665000000010e+01
2.529309789999999936e+01
2.542772455000000420e+01
2.555542809999999321e+01
2.568729099999999832e+01
2.581803905000000299e+01
2.595355054999999567e+01
2.607637950000001226e+01
2.620522560000000567e+01
