0.000000000000000000e+00
1.075000000000000434e-02
1.145000000000000531e-02
2.220000000000000445e-02
3.475000000000001005e-02
5.045000000000000873e-02
6.995000000000001217e-02
8.905000000000000415e-02
1.082499999999999851e-01
1.341000000000000247e-01
1.639500000000000124e-01
1.948000000000000009e-01
2.234999999999999765e-01
2.570500000000000007e-01
2.917500000000000093e-01
3.262000000000000455e-01
3.607000000000001316e-01
3.940000000000000169e-01
4.280500000000000971e-01
4.621500000000000052e-01
4.971999999999999753e-01
5.321500000000000119e-01
5.663499999999999091e-01
6.050499999999999767e-01
6.466000000000000636e-01
6.906499999999999861e-01
7.343999999999999417e-01
7.764999999999998570e-01
8.175999999999999934e-01
8.596500000000000252e-01
9.029500000000000304e-01
9.456000000000001071e-01
9.878000000000000114e-01
1.029549999999999965e+00
1.071700000000000319e+00
1.114100000000000090e+00
1.156600000000000072e+00
1.198100000000000165e+00
1.240399999999999725e+00
1.282550000000000079e+00
1.325199999999999934e+00
1.370150000000000201e+00
1.419499999999999984e+00
1.469150000000000178e+00
1.517199999999999882e+00
1.566449999999999898e+00
1.616849999999999898e+00
1.664499999999999869e+00
1.719249999999999945e+00
1.773750000000000160e+00
1.826200000000000045e+00
1.880049999999999999e+00
1.934250000000000469e+00
1.988850000000000007e+00
2.043849999999999945e+00
2.104149999999999743e+00
2.172150000000000691e+00
2.240000000000000213e+00
2.306549999999999656e+00
2.373199999999999754e+00
2.439050000000000384e+00
2.503849999999999909e+00
2.569049999999999834e+00
2.637049999999999894e+00
2.703050000000000175e+00
2.769800000000000040e+00
2.837149999999999839e+00
2.903350000000000541e+00
2.968199999999999950e+00
3.034349999999999881e+00
3.099250000000000060e+00
3.166100000000000581e+00
3.232200000000000184e+00
3.298399999999999999e+00
3.363800000000000345e+00
3.428499999999998771e+00
3.494699999999999473e+00
3.560999999999999943e+00
3.626250000000000195e+00
3.702050000000000729e+00
3.779150000000000009e+00
3.856250000000000622e+00
3.930849999999999511e+00
4.005150000000000432e+00
4.080649999999999444e+00
4.155149999999999899e+00
4.229950000000000543e+00
4.305649999999999089e+00
4.381099999999999994e+00
4.455800000000000871e+00
4.530899999999999928e+00
4.605500000000001037e+00
4.681400000000000006e+00
4.756649999999999601e+00
4.832200000000001161e+00
4.907149999999999679e+00
4.981749999999999901e+00
5.056600000000001316e+00
5.131999999999999673e+00
5.208349999999999369e+00
5.283500000000001862e+00
5.358399999999999608e+00
5.433349999999999902e+00
5.508000000000000895e+00
5.583499999999999908e+00
5.658549999999999081e+00
5.734449999999999825e+00
5.809599999999998765e+00
5.884699999999999598e+00
5.960649999999999338e+00
6.035800000000000054e+00
6.112249999999999517e+00
6.188149999999999373e+00
6.262450000000000294e+00
6.337550000000000239e+00
6.413299999999999557e+00
6.489950000000000330e+00
6.566450000000000564e+00
6.642249999999999766e+00
6.718649999999999345e+00
6.793049999999999145e+00
6.867399999999999061e+00
6.942800000000000971e+00
7.017300000000000537e+00
7.091350000000000264e+00
7.165900000000000603e+00
7.240249999999998742e+00
7.315300000000000580e+00
7.389800000000001035e+00
7.465099999999999625e+00
7.540400000000000880e+00
7.616249999999999076e+00
7.691950000000001175e+00
7.767599999999998950e+00
7.843100000000002403e+00
7.918850000000000833e+00
7.994549999999999379e+00
8.068699999999997985e+00
8.142599999999999838e+00
8.217600000000000904e+00
8.292699999999999960e+00
8.369400000000000617e+00
8.445100000000001828e+00
8.522100000000000009e+00
8.597999999999998977e+00
8.673649999999998528e+00
8.748450000000001836e+00
8.824499999999998678e+00
8.900449999999999307e+00
8.976350000000000051e+00
9.051249999999999574e+00
9.127600000000002822e+00
9.203649999999999665e+00
9.279899999999999594e+00
9.354499999999998039e+00
9.428849999999997067e+00
9.502349999999999852e+00
9.577400000000000801e+00
9.651999999999999247e+00
9.726800000000000779e+00
9.802300000000000679e+00
9.876949999999999008e+00
9.952749999999999986e+00
1.002824999999999989e+01
1.010379999999999789e+01
1.017870000000000097e+01
1.025355000000000061e+01
1.032845000000000013e+01
1.040340000000000131e+01
1.047714999999999996e+01
1.055289999999999928e+01
1.062824999999999953e+01
1.070369999999999777e+01
1.077935000000000088e+01
1.085500000000000043e+01
1.092909999999999826e+01
1.100420000000000087e+01
1.107805000000000106e+01
1.115269999999999939e+01
1.122799999999999976e+01
1.130300000000000082e+01
1.137749999999999950e+01
1.145390000000000086e+01
1.152880000000000038e+01
1.160375000000000156e+01
1.168069999999999808e+01
1.175590000000000046e+01
1.183100000000000129e+01
1.190604999999999869e+01
1.198110000000000142e+01
1.205569999999999986e+01
1.213100000000000023e+01
1.220590000000000153e+01
1.228074999999999939e+01
1.235820000000000007e+01
1.243445000000000000e+01
1.250919999999999987e+01
1.258484999999999943e+01
1.266195000000000093e+01
1.273594999999999899e+01
1.281199999999999761e+01
