0.000000000000000000e+00
1.378893999999974973e-01
2.537322000000132860e-01
3.712542499999998968e-01
4.927983000000050184e-01
6.058823500000114493e-01
7.216282000000088237e-01
8.430517000000108396e-01
9.577586000000088973e-01
1.064972700000004879e+00
1.185300650000007838e+00
1.305500050000013124e+00
1.428505250000005722e+00
1.545634750000000501e+00
1.663822899999997107e+00
1.784246550000008202e+00
1.900642599999999849e+00
2.015396900000012703e+00
2.139851750000001385e+00
2.247126000000006396e+00
2.366466350000004493e+00
2.477341700000001978e+00
2.590961099999993245e+00
2.709686200000006817e+00
2.825811000000008733e+00
2.944472100000006698e+00
3.066389400000006038e+00
3.177553949999997851e+00
3.298976949999999242e+00
3.408377050000001240e+00
3.523551050000008011e+00
3.644065600000003347e+00
3.767190199999999045e+00
3.889827499999993332e+00
4.006191500000002570e+00
4.137280149999998713e+00
4.260353650000003434e+00
4.383094900000001459e+00
4.494278650000006259e+00
4.622929800000011191e+00
4.744278750000008316e+00
4.867443550000002617e+00
4.987047750000013657e+00
5.105640750000003614e+00
5.225113399999997910e+00
5.350143749999994647e+00
5.468417750000004851e+00
5.579478300000002555e+00
5.693182799999999766e+00
5.813630550000005393e+00
5.937591750000002833e+00
6.046174150000008574e+00
6.159732900000001621e+00
6.280812600000002632e+00
6.404847649999996229e+00
6.536257000000006201e+00
6.654678050000006451e+00
6.782272400000008972e+00
6.908855850000007237e+00
7.031956199999987334e+00
7.157644600000011792e+00
7.277479850000003303e+00
7.402801400000010190e+00
7.529758550000002160e+00
7.660555300000003065e+00
7.788377499999998399e+00
7.910650200000000964e+00
8.035495000000011601e+00
8.163184400000002228e+00
8.293166000000010030e+00
8.409321450000007303e+00
8.535787549999989565e+00
8.653539050000008004e+00
8.780299050000005323e+00
8.898118550000004845e+00
9.012950050000009483e+00
9.131155550000011445e+00
9.258909799999997858e+00
9.371784300000003398e+00
9.494465549999997478e+00
9.608271349999998989e+00
9.738664500000002278e+00
9.853604549999992912e+00
9.980096450000010222e+00
1.009184730000000130e+01
1.021041169999999809e+01
1.034614360000000666e+01
1.047211530000000401e+01
1.060069780000000961e+01
1.072073155000000000e+01
1.084370795000000953e+01
1.097109609999999336e+01
1.109353410000000295e+01
1.122641829999999885e+01
1.134994490000000056e+01
1.148160645000001168e+01
1.160936820000000225e+01
1.172795785000000635e+01
1.185070470000001031e+01
1.197888009999998893e+01
1.210021315000000008e+01
1.223013820000001495e+01
1.235344905000000715e+01
1.247109909999999822e+01
1.259328235000000085e+01
1.271571935000000586e+01
1.283897039999999912e+01
1.297346750000000171e+01
1.309686890000000759e+01
1.321708199999999955e+01
1.335179530000000980e+01
1.347380540000001226e+01
1.358571914999999919e+01
1.371812820000000599e+01
1.384322345000000709e+01
1.395380135000000621e+01
1.408081980000000399e+01
1.420475360000000897e+01
1.433662535000000915e+01
1.446944299999999473e+01
1.459156215000000678e+01
1.471807790000000082e+01
1.484574929999999959e+01
1.497670790000000274e+01
1.510510200000001113e+01
1.522673205000000429e+01
1.535487174999999560e+01
1.548315999999999804e+01
1.560678155000000267e+01
1.573767995000000575e+01
1.587087060000000704e+01
1.600286065000001301e+01
1.613426399999999816e+01
1.625374715000000947e+01
1.638033795000000126e+01
1.651331620000000910e+01
1.664526455000000027e+01
1.677553435000001869e+01
1.690061935000000659e+01
1.704043504999999570e+01
1.716489490000000018e+01
1.728977525000000526e+01
1.742097570000000673e+01
1.755145430000000673e+01
1.767946450000000169e+01
1.781004580000000459e+01
1.794698045000000519e+01
1.808550325000000569e+01
1.821990559999999704e+01
1.834657655000000176e+01
1.847654850000000692e+01
1.861208800000000707e+01
1.873876010000001102e+01
1.887000524999999840e+01
1.900033415000000403e+01
1.913601610000000974e+01
1.926548760000000726e+01
1.939249555000001024e+01
1.952076675000001416e+01
1.964935365000000900e+01
1.978114689999999598e+01
1.990501390000000370e+01
2.003819565000001290e+01
2.016180400000001072e+01
2.029818490000001319e+01
2.043140020000000234e+01
2.056705230000001094e+01
2.069332100000000096e+01
2.082489245000000011e+01
2.095661855000001239e+01
2.108973205000000561e+01
2.122738919999999752e+01
2.136918170000000217e+01
2.149920340000000252e+01
2.162746209999999891e+01
2.176291170000000363e+01
2.190168050000000832e+01
2.203896595000000858e+01
2.218301255000000083e+01
2.231316875000000621e+01
2.244286839999999472e+01
2.258271775000001114e+01
2.272337655000001178e+01
2.286295455000000487e+01
2.300663355000000365e+01
2.314319515000000038e+01
2.326828205000000338e+01
2.340221890000001537e+01
2.353662605000000241e+01
2.366858790000000212e+01
2.380359970000000658e+01
2.393646240000001058e+01
2.406767165000000830e+01
2.419879030000000242e+01
2.433891854999999893e+01
2.447113329999999110e+01
2.461121475000000558e+01
2.474420625000000129e+01
2.488026150000000669e+01
2.501249490000000009e+01
2.515166260000000875e+01
