0.000000000000000000e+00
7.021218341894315020e-04
8.163600162975785451e-04
9.803777854844380676e-04
1.134255782843245986e-03
1.119474132421928534e-03
1.087488869960041675e-03
1.222677764762417161e-03
1.257316446873002220e-03
1.198883130833498529e-03
1.242179008778713590e-03
1.353334224593428581e-03
1.537855062491078582e-03
1.560956213014387875e-03
1.678672776660873394e-03
1.713583076356057187e-03
1.767099282671300052e-03
1.730486847091815142e-03
1.785244356804345251e-03
1.820528560703047437e-03
1.921249405789222193e-03
2.003795998869428198e-03
1.993872885286420826e-03
2.031958291834307963e-03
2.552777115976072493e-03
2.485785890214625878e-03
2.333115124488115751e-03
2.437545600058368175e-03
2.405790795043295186e-03
2.415387046476648227e-03
2.406095362453288325e-03
2.423452895306863353e-03
2.465076928812124507e-03
2.499967969322950106e-03
2.538945167743086699e-03
2.522321772129314590e-03
2.537674176313831336e-03
2.585388217109665411e-03
2.657179851279517762e-03
2.664020829250858102e-03
2.654873828117697981e-03
2.690770145460464734e-03
2.732576085275640297e-03
3.018700868101852151e-03
3.031116027862678676e-03
2.869240540075263489e-03
2.788599350108946721e-03
2.942811321074002492e-03
2.928317105491752212e-03
2.973577746444712715e-03
3.018751894096058548e-03
3.031016129279117451e-03
3.042607033951671026e-03
3.111878270909775295e-03
3.103574255456620704e-03
3.129954594686454056e-03
3.215351724327287792e-03
3.354807132334210878e-03
3.307929731502434398e-03
3.180666342270188282e-03
3.270908607888925717e-03
3.175392750269246875e-03
3.218914334914215955e-03
3.265094681784318741e-03
3.319400780625465005e-03
3.353434618642157222e-03
3.753264934255116925e-03
4.128242304700648242e-03
3.895192712978809250e-03
3.675147435830986020e-03
3.977216644743916674e-03
3.741595967030112140e-03
3.859990401053595057e-03
3.622110815247367877e-03
3.958690680135984810e-03
4.272865911512049690e-03
4.164725993122218341e-03
3.786516009055135735e-03
3.592259801747658271e-03
3.945374959365087128e-03
3.992636154798197626e-03
4.043928586500400782e-03
4.103258346431387302e-03
4.141431439581955143e-03
4.243701065213216668e-03
4.330522794067161695e-03
4.546738139521116703e-03
4.648432793849535671e-03
4.779016970205413918e-03
4.887229241815082594e-03
4.881376973569547667e-03
5.005921057061837008e-03
5.045311263285710314e-03
6.020946743453688479e-03
6.143079206839504799e-03
6.237868630504481669e-03
5.991012331796287047e-03
5.817783724023174730e-03
6.138921709473294658e-03
6.190277468151194999e-03
6.230823798755786257e-03
6.188150929476017754e-03
6.181177280666195518e-03
6.174542083369730268e-03
6.159121956319519274e-03
6.184795175226538017e-03
6.149328383578751139e-03
6.150499807916542938e-03
6.157468113238196740e-03
6.227534726557782535e-03
6.276881314102235321e-03
6.234801430554690743e-03
6.329755571475281437e-03
6.348329954434972673e-03
6.399970501664726738e-03
6.383168953192549892e-03
6.458104647353701128e-03
6.503154905990553118e-03
6.513919494835494588e-03
6.549888571965764052e-03
6.606672392240760770e-03
6.629632376695156724e-03
6.655025724369912320e-03
6.708074023865129125e-03
6.791290185515485092e-03
6.786870586171563947e-03
6.778670483689092779e-03
6.816895619351331405e-03
6.877869600299417810e-03
6.962335855632355817e-03
7.050459445364225773e-03
7.059977090309993257e-03
7.213454137424043719e-03
8.044632121458932666e-03
8.090194525023982827e-03
8.019047426370273790e-03
8.256738685608982359e-03
8.214154291787312615e-03
7.691263271339955111e-03
7.214181997542677867e-03
7.186173136377108951e-03
7.132378049222415188e-03
7.332727346151879551e-03
8.684437854919246219e-03
8.728148804456411017e-03
8.832163619072352923e-03
8.829719590918340064e-03
8.833240133643520745e-03
8.826507795669622999e-03
8.889883698009038923e-03
8.902853428918614670e-03
8.873563811661227055e-03
8.796631142170961704e-03
8.755129398942377780e-03
8.763536921495177628e-03
8.779222512766301362e-03
8.789638657044114220e-03
8.939038140594556675e-03
8.907251957853429963e-03
8.930408290814449701e-03
9.020611292733921732e-03
9.016027718443512390e-03
9.000167190233788680e-03
9.011121623186957308e-03
9.057932975625642216e-03
9.065274950031728535e-03
9.239570439599267479e-03
9.397237204605576530e-03
9.434105266593899655e-03
9.570784800771607592e-03
9.567383673385609910e-03
9.584769567874122653e-03
9.602615394481718233e-03
9.796354494396938492e-03
9.873602445832180621e-03
9.900161666916337463e-03
9.930811791463843574e-03
9.916224834320662429e-03
1.013665350006644553e-02
1.018011444157722496e-02
1.040157601354917485e-02
1.042915642090428037e-02
1.045534485226620215e-02
1.067135905972381969e-02
1.066618619015294832e-02
1.074866528953785129e-02
1.083983062935601864e-02
1.086332858147620248e-02
1.091538614544616120e-02
1.090750938908573685e-02
1.090506850976008697e-02
1.084696080840568885e-02
1.091057049797582341e-02
1.089422850440704624e-02
1.097325259745676046e-02
1.101897661727682144e-02
1.102878774952885214e-02
1.120381705895178229e-02
1.125823276370841244e-02
1.130887815283770567e-02
1.144685574185450201e-02
