0.000000000000000000e+00
1.134680571791019370e-03
1.627114009527297605e-03
2.305558500667462610e-02
4.501430328240125373e-02
6.648042945107980606e-02
8.836032763633236420e-02
1.101137934139043290e-01
1.338166189230620418e-01
1.550177086658166559e-01
1.740196756116962895e-01
1.944838296620056139e-01
2.153521534603264620e-01
2.335556625303698286e-01
2.532638693141996411e-01
2.759368768396134319e-01
2.989020073535806898e-01
3.220970350686264694e-01
3.464745986360328045e-01
3.711908235665316025e-01
3.971574750649923269e-01
4.234677408020592337e-01
4.491733824482478932e-01
4.714377450947261350e-01
4.882182298931493358e-01
5.068569102813929028e-01
5.266830545973545386e-01
5.477242463137814710e-01
5.684454591251476563e-01
5.907097658749176361e-01
6.140600520307438748e-01
6.374792859379824206e-01
6.605620031458061536e-01
6.841905783478752223e-01
7.081463902329799831e-01
7.318742309987421590e-01
7.571501436307068733e-01
7.814153760964779316e-01
8.059410896585432749e-01
8.311403296074616476e-01
8.572980578538599294e-01
8.802534450372800912e-01
8.963042731126522611e-01
9.126657260465083077e-01
9.306871439963054771e-01
9.474431104293280503e-01
9.662810810007613771e-01
9.870653220532064065e-01
9.989213620200541044e-01
1.009713269943502301e+00
1.023492139686475566e+00
1.038118994865232292e+00
1.053983627719140559e+00
1.070729063535682535e+00
1.088728628952137178e+00
1.096135360026306405e+00
1.088995558990026424e+00
1.083380081042659704e+00
1.083230376005030582e+00
1.082195250405397102e+00
1.083385871931141775e+00
1.084711264576891931e+00
1.086895232991662574e+00
1.090686273636924497e+00
1.094955089261655523e+00
1.101067600104553179e+00
1.107868596675616546e+00
1.116220689424810786e+00
1.124336097437060866e+00
1.133257220360849971e+00
1.143506881264822361e+00
1.154582387705615609e+00
1.166657044722226866e+00
1.179196395856093149e+00
1.191875354221237249e+00
1.206863931849817106e+00
1.221681632013840169e+00
1.237056385133676883e+00
1.253849068867541217e+00
1.243759601972985962e+00
1.229339101916147481e+00
1.222621522589881549e+00
1.217081808055645809e+00
1.212821473878163303e+00
1.209679927708152247e+00
1.208860838765157597e+00
1.208404794553546990e+00
1.209562328902483719e+00
1.210796717042130322e+00
1.213168191142514285e+00
1.217511638548067543e+00
1.223541682984278234e+00
1.230958463962127380e+00
1.239859922531573844e+00
1.248547259818385768e+00
1.259467596843999893e+00
1.271748633771627057e+00
1.285850901154562465e+00
1.300517781500891257e+00
1.316956653614689055e+00
1.331921150068576809e+00
1.348405554720092381e+00
1.366852050333173363e+00
1.384911152384873834e+00
1.405120688766626991e+00
1.425928591304627568e+00
1.446206156638810469e+00
1.467552363631362766e+00
1.489133879139145522e+00
1.512628449917559736e+00
1.535981953018979995e+00
1.559195525743964916e+00
1.585793469371090891e+00
1.610698093219210536e+00
1.636042495627787918e+00
1.664062081173656171e+00
1.691445194944252606e+00
1.719531287153566179e+00
1.747616802248135759e+00
1.776969591045383989e+00
1.806508496381901807e+00
1.835482127398684327e+00
1.865918717415096850e+00
1.896598273224986642e+00
1.926407778093724543e+00
1.957510661529075824e+00
1.988588340381186148e+00
2.019985943020396135e+00
2.052238061239485045e+00
2.084433085997245083e+00
2.116563828472933118e+00
2.150037833969439927e+00
2.182989131328876287e+00
2.215722893323982312e+00
2.248353817796478360e+00
2.282916999695784543e+00
2.316731695190446416e+00
2.349633548024031793e+00
2.382156762263978766e+00
2.415765435633186797e+00
2.448756033172762248e+00
2.483745244585281675e+00
2.518375307614017622e+00
2.553295319777952876e+00
2.587121547202605232e+00
2.622229457446468626e+00
2.658076080081229975e+00
2.692617880427893517e+00
2.729032071541117155e+00
2.764137573909807966e+00
2.800138208642566795e+00
2.835646018105927535e+00
2.872223028857612714e+00
2.906822180663963806e+00
2.942528648968434801e+00
2.977951565673962353e+00
3.013300537201691665e+00
3.047779444119932180e+00
3.082735522226971892e+00
3.118341299473166739e+00
3.152505988892011501e+00
3.187611338839790420e+00
3.224859111263623124e+00
3.261019531910227531e+00
3.298697858246492753e+00
3.333751176977670649e+00
3.370144395645385149e+00
3.407276734798628137e+00
3.444163126218036997e+00
3.481433056587473818e+00
3.519760189274263151e+00
3.556330157268866810e+00
3.594308613627940296e+00
3.631160396829090420e+00
3.668631584119615763e+00
3.706421912033221133e+00
3.743089894726013167e+00
3.779851273198458372e+00
3.816596246657483871e+00
3.853427175904585944e+00
3.890320436673565307e+00
3.926866530708676972e+00
3.962950011039755083e+00
3.999534330393977655e+00
4.036400114891980806e+00
4.072085204167515293e+00
4.108103794939948372e+00
4.144803541785786472e+00
4.181837353066232943e+00
4.218724936518141178e+00
4.255260651241002279e+00
4.293334566511209260e+00
4.330022042669066984e+00
4.367841307499621628e+00
4.403265317920327604e+00
4.440752520406873849e+00
4.478823501769186421e+00
4.516076131720987874e+00
4.551566922225795508e+00
4.589024868912784605e+00
4.624511390406558675e+00
