0.000000000000000000e+00
1.284753084182739188e-02
1.361951828002929722e-02
1.439354419708251988e-02
1.519201993942260673e-02
1.581254005432129045e-02
1.645700931549072196e-02
1.717551946640014787e-02
1.779152154922485421e-02
1.843299865722656389e-02
1.901850700378417830e-02
1.961003541946411063e-02
2.028949260711669991e-02
2.085852622985839844e-02
2.147353887557983468e-02
2.205048799514770438e-02
2.267452478408813615e-02
2.331800460815429757e-02
2.391853332519531389e-02
2.451251745223998954e-02
2.509452104568481515e-02
2.570701837539672921e-02
2.636598348617553642e-02
2.695553302764892509e-02
2.781150341033935408e-02
2.892398834228515625e-02
3.013050556182861328e-02
3.097105026245117188e-02
3.163902759552002231e-02
3.225151300430297713e-02
3.279253244400024553e-02
3.338851928710937639e-02
3.393901586532592496e-02
3.454650640487670621e-02
3.520053625106811523e-02
3.575948476791381697e-02
3.638800382614135881e-02
3.697602748870849887e-02
3.761954307556152066e-02
3.825501203536987166e-02
3.883401155471801619e-02
3.943952322006225725e-02
4.000353813171386719e-02
4.086953401565551758e-02
4.177600145339965820e-02
4.281549453735351840e-02
4.359303712844848910e-02
4.428501129150390347e-02
4.494200944900512973e-02
4.561599493026733537e-02
4.628152847290038785e-02
4.690450429916381836e-02
4.753552675247192660e-02
4.818302392959594727e-02
4.882851839065551619e-02
4.940900802612304549e-02
5.036602020263671736e-02
5.128151178359985352e-02
5.218551158905029158e-02
5.300650596618652205e-02
5.386353731155395230e-02
5.460252761840820451e-02
5.532201528549194475e-02
5.612351894378662248e-02
5.674149990081787248e-02
5.758348703384399275e-02
5.863304138183593472e-02
5.994502305984496932e-02
6.107453107833862166e-02
6.235198974609375278e-02
6.315753459930420477e-02
6.427104473114013394e-02
6.539402008056641180e-02
6.650450229644774836e-02
6.782950162887572965e-02
6.887850761413574774e-02
6.986100673675536832e-02
7.124898433685303289e-02
7.224550247192382257e-02
7.316752672195434015e-02
7.390449047088623602e-02
7.461251020431518277e-02
7.531552314758301059e-02
7.609254121780395508e-02
7.685052156448364535e-02
7.764301300048828680e-02
7.841953039169310968e-02
7.921900749206542414e-02
7.999851703643798273e-02
8.083902597427368442e-02
8.159449100494384211e-02
8.271502256393432895e-02
8.376801013946533203e-02
8.589254617691040317e-02
8.669698238372802734e-02
8.742604255676270086e-02
8.892104625701904852e-02
8.998799324035644531e-02
9.123851060867309293e-02
9.201500415802002508e-02
9.274951219558716375e-02
9.350504875183104914e-02
9.423902034759520929e-02
9.498851299285888949e-02
9.565303325653076727e-02
9.638302326202392856e-02
9.708198308944701593e-02
9.777650833129883368e-02
9.849603176116943082e-02
9.924550056457519254e-02
1.000310063362121610e-01
1.009004950523376409e-01
1.016530036926269476e-01
1.024220585823059082e-01
1.031724929809570285e-01
1.038980007171630832e-01
1.046420216560363797e-01
1.053855180740356501e-01
1.061105251312255832e-01
1.068365454673767118e-01
1.075415134429931613e-01
1.083660006523132352e-01
1.090739965438842773e-01
1.097675442695617704e-01
1.105329871177673368e-01
1.113655209541320745e-01
1.121529936790466309e-01
1.130185008049011258e-01
1.138330340385436956e-01
1.146035313606262179e-01
1.157195210456848089e-01
1.165355086326599066e-01
1.179245114326477051e-01
1.201555132865905762e-01
1.210869908332824763e-01
1.229315280914306668e-01
1.244940161705017090e-01
1.256714820861816462e-01
1.275315046310424860e-01
1.289645075798034612e-01
1.298760175704956055e-01
1.311899900436401256e-01
1.320525169372558649e-01
1.333760142326355091e-01
1.341765046119690052e-01
1.350965261459350641e-01
1.359575152397155817e-01
1.368354916572570856e-01
1.378719925880432240e-01
1.388280034065246527e-01
1.397515416145324596e-01
1.407145261764526367e-01
1.415894985198974665e-01
1.423080086708068959e-01
1.430910229682922363e-01
1.438600420951843262e-01
1.446430087089538574e-01
1.454920172691345215e-01
1.463415145874023549e-01
1.470940232276916615e-01
1.479565143585205023e-01
1.488645076751708984e-01
1.496380329132080134e-01
1.504630088806152288e-01
1.513985395431518555e-01
1.521575212478637751e-01
1.531909942626953069e-01
1.541590094566345215e-01
1.550795078277587835e-01
1.559100270271301381e-01
1.567080378532409723e-01
1.575910329818725475e-01
1.585105180740356556e-01
1.596295118331909069e-01
1.607370257377624401e-01
1.615665078163147084e-01
1.625160098075866810e-01
1.633680105209350530e-01
1.642569780349731334e-01
1.650295019149780329e-01
1.659840345382690430e-01
1.669029951095581110e-01
1.677685260772704967e-01
1.687850236892700084e-01
1.696455121040344183e-01
1.704139947891235296e-01
1.713730335235595648e-01
1.722040414810180609e-01
1.731740474700927679e-01
1.740980148315429688e-01
1.749594926834106556e-01
1.758775115013122559e-01
1.767799973487854115e-01
1.777934908866882213e-01
1.787479877471923884e-01
1.795520424842834417e-01
1.804499983787536677e-01
1.813975334167480524e-01
1.822160005569458119e-01
1.830675005912780762e-01
1.839810371398925837e-01
