0.000000000000000000e+00
1.080000000000000404e-02
1.110000000000000396e-02
1.135000000000000418e-02
1.170000000000000207e-02
1.220000000000000251e-02
1.265000000000000326e-02
1.355000000000000128e-02
1.450000000000000247e-02
1.520000000000000170e-02
1.615000000000000463e-02
1.730000000000000981e-02
1.930000000000000812e-02
2.140000000000000582e-02
2.375000000000000375e-02
2.680000000000000090e-02
3.120000000000000551e-02
3.565000000000000807e-02
4.060000000000001802e-02
4.524999999999999856e-02
5.040000000000002117e-02
5.800000000000001682e-02
6.575000000000001676e-02
7.345000000000001528e-02
8.190000000000000058e-02
9.435000000000000331e-02
1.147000000000000242e-01
1.349999999999999811e-01
1.565500000000000225e-01
1.817000000000000282e-01
2.064999999999999891e-01
2.383000000000000396e-01
2.699500000000000233e-01
3.018500000000000627e-01
3.414000000000000368e-01
3.815000000000000613e-01
4.213500000000000023e-01
4.607499999999999929e-01
5.006000000000000449e-01
5.401500000000000190e-01
5.798499999999999766e-01
6.194499999999999451e-01
6.595999999999999641e-01
6.993000000000001437e-01
7.393499999999999517e-01
7.783499999999999863e-01
8.195500000000001117e-01
8.587500000000002354e-01
8.996999999999999442e-01
9.393000000000002458e-01
9.784999999999997033e-01
1.018849999999999811e+00
1.059749999999999970e+00
1.099900000000000100e+00
1.140800000000000036e+00
1.181200000000000028e+00
1.220949999999999980e+00
1.260700000000000154e+00
1.300899999999999945e+00
1.340899999999999981e+00
1.380149999999999988e+00
1.419699999999999962e+00
1.459499999999999797e+00
1.500299999999999745e+00
1.540149999999999686e+00
1.580450000000000133e+00
1.620850000000000124e+00
1.661050000000000137e+00
1.699500000000000011e+00
1.738899999999999890e+00
1.778049999999999686e+00
1.819850000000000190e+00
1.861750000000000016e+00
1.903650000000000064e+00
1.945850000000000524e+00
1.987300000000000066e+00
2.029499999999999638e+00
2.071250000000000036e+00
2.112600000000000477e+00
2.155050000000000132e+00
2.197550000000000114e+00
2.241849999999999454e+00
2.283949999999999481e+00
2.326649999999999885e+00
2.371050000000000324e+00
2.413450000000000095e+00
2.456599999999999895e+00
2.500899999999999679e+00
2.544400000000000439e+00
2.587200000000000610e+00
2.630599999999999827e+00
2.673499999999999766e+00
2.716949999999999754e+00
2.760199999999999765e+00
2.803849999999999731e+00
2.848300000000000054e+00
2.893849999999999589e+00
2.938049999999999606e+00
2.982000000000000206e+00
3.026549999999999407e+00
3.072000000000000064e+00
3.116249999999999964e+00
3.161050000000000360e+00
3.205499999999999794e+00
3.249499999999999833e+00
3.294100000000000250e+00
3.340449999999999697e+00
3.387949999999999129e+00
3.434749999999999748e+00
3.481349999999999945e+00
3.527550000000000185e+00
3.575149999999999384e+00
3.622200000000000308e+00
3.668349999999999334e+00
3.714949999999999530e+00
3.763199999999999878e+00
3.810400000000000009e+00
3.858799999999999564e+00
3.906850000000000822e+00
3.955149999999999721e+00
4.002200000000000202e+00
4.048249999999999460e+00
4.095049999999999635e+00
4.141449999999999854e+00
4.187450000000000117e+00
4.233349999999999724e+00
4.280450000000000088e+00
4.328000000000001180e+00
4.374199999999999200e+00
4.421950000000000713e+00
4.468650000000000233e+00
4.516899999999999693e+00
4.565299999999999692e+00
4.612400000000000055e+00
4.660100000000000797e+00
4.707099999999998730e+00
4.754199999999999982e+00
4.800450000000000550e+00
4.846000000000000973e+00
4.892800000000000260e+00
4.939300000000001134e+00
4.987650000000000361e+00
5.034450000000000536e+00
5.081949999999999079e+00
5.129499999999999282e+00
5.176199999999999690e+00
5.222399999999999487e+00
5.269750000000000156e+00
5.316699999999999093e+00
5.363900000000001000e+00
5.409600000000000186e+00
5.457299999999999152e+00
5.503899999999998904e+00
5.551650000000000418e+00
5.597799999999998555e+00
5.644650000000000389e+00
5.690499999999999226e+00
5.736950000000000216e+00
5.784500000000000419e+00
5.830549999999999677e+00
5.877950000000000230e+00
5.924649999999999750e+00
5.974149999999999849e+00
6.021499999999999631e+00
6.067899999999999849e+00
6.114700000000000912e+00
6.161499999999999311e+00
6.207850000000001423e+00
6.254700000000000593e+00
6.300600000000000200e+00
6.346899999999999764e+00
6.394650000000000389e+00
6.441349999999999909e+00
6.489699999999999136e+00
6.537300000000000111e+00
6.582599999999999341e+00
6.629649999999999821e+00
6.675000000000001599e+00
6.720900000000000318e+00
6.767599999999998950e+00
6.814350000000000129e+00
6.861150000000000304e+00
6.909200000000001118e+00
6.957100000000001394e+00
7.003200000000001424e+00
7.049949999999999939e+00
7.096700000000000230e+00
7.143200000000000216e+00
7.190649999999999764e+00
7.237849999999999895e+00
7.284250000000000114e+00
7.330600000000001337e+00
7.377850000000000463e+00
7.424999999999998934e+00
7.473349999999999049e+00
7.520900000000000141e+00
7.568000000000000504e+00
7.615400000000001057e+00
7.662399999999999878e+00
7.708849999999999980e+00
7.756400000000001071e+00
