0.000000000000000000e+00
9.797958971132720088e-04
1.410673597966589530e-03
1.710993863226868304e-03
2.147091055358390458e-03
2.461706725018236123e-03
3.070423423568810744e-03
4.128861828639945886e-03
5.509083408335727766e-03
6.652818951391958717e-03
7.564885987243960552e-03
8.367197858303580815e-03
1.206689686704912577e-02
1.620000000000000259e-02
2.098064584325277579e-02
2.544720023892608693e-02
3.168217164273938458e-02
3.817102959051536792e-02
4.570929883513856484e-02
5.241648118674125528e-02
5.951756043387530781e-02
6.780486708194331802e-02
7.735300575931099154e-02
8.772711952412436121e-02
9.870303946687761232e-02
1.112624262723045238e-01
1.244701168955826137e-01
1.403841159105972403e-01
1.572734799640422565e-01
1.752019120900225879e-01
1.948759862066129778e-01
2.111982717732321102e-01
2.291915083505494943e-01
2.484993511057926319e-01
2.623101980480362361e-01
2.770166962477171868e-01
2.935948356153424976e-01
3.111144283057280524e-01
3.307440702416295508e-01
3.504983987124620226e-01
3.697373763903238353e-01
3.903697574095615908e-01
4.120489534023839551e-01
4.344754423439833868e-01
4.561633780785125380e-01
4.776469695287514639e-01
5.000082474319798020e-01
5.216972182214506537e-01
5.441306001319903274e-01
5.665027890487388529e-01
5.894807460808197952e-01
6.125306747420898867e-01
6.363641940744310110e-01
6.589159202811842864e-01
6.823004909861929423e-01
7.058885606099591925e-01
7.288815044299038481e-01
7.509918841106073550e-01
7.740481832547635443e-01
7.974633471201043600e-01
8.205511729928853804e-01
8.430505382241327839e-01
8.669499120479798870e-01
8.916763482340439584e-01
9.158563902162828452e-01
9.395125052387541809e-01
9.636211016265676665e-01
9.871310690582076885e-01
1.010141846475038463e+00
1.033219381351317967e+00
1.056209045359866261e+00
1.076353486313859742e+00
1.096578856033618710e+00
1.116866029342821420e+00
1.137428867006636146e+00
1.158463901034469057e+00
1.178921265394767381e+00
1.199579087638660058e+00
1.220051408752926170e+00
1.238226815854026164e+00
1.257203860756082703e+00
1.275481645301099531e+00
1.294035566551398730e+00
1.313052218116248504e+00
1.332020700852655448e+00
1.350666889910314028e+00
1.369607659149144840e+00
1.389544813958873082e+00
1.408855365181252095e+00
1.427880233072788219e+00
1.448037824091622294e+00
1.467723049488560916e+00
1.486844661523186950e+00
1.506096497572449788e+00
1.526375945663452693e+00
1.543851259027241740e+00
1.561692456119321726e+00
1.578667681147618795e+00
1.595919076895818023e+00
1.613448681396467910e+00
1.630628958408380624e+00
1.647310744061362797e+00
1.663960350338913763e+00
1.680841381570551407e+00
1.698422400346863093e+00
1.716294319165567961e+00
1.729287236840658659e+00
1.744315753382970513e+00
1.757882728597103927e+00
1.770552633360555905e+00
1.784958556241572847e+00
1.798770643383975187e+00
1.811595032009085893e+00
1.825248292013993412e+00
1.838589091531873665e+00
1.852234963496802056e+00
1.865030627094365068e+00
1.880078471766537751e+00
1.894386134741278038e+00
1.908868965513348170e+00
1.921965702087318650e+00
1.936034035728711133e+00
1.950583463351414526e+00
1.964632395004215715e+00
1.979748506123947038e+00
1.995591047158710829e+00
2.011250369173365637e+00
2.027052515353264805e+00
2.041437229012932342e+00
2.055969223383462996e+00
2.069955102773970879e+00
2.083779520486752190e+00
2.099228408249087963e+00
2.114347379216575007e+00
2.130790930617079582e+00
2.147289405273541618e+00
2.163759311938368235e+00
2.179950973645967238e+00
2.195595750587981509e+00
2.210958425660690452e+00
2.226673911914359927e+00
2.242490362855546593e+00
2.257242044509183643e+00
2.273392717393983631e+00
2.288933518038477111e+00
2.301724627317525584e+00
2.317623640714772559e+00
2.333657405768892801e+00
2.348861620019365937e+00
2.364270688817166288e+00
2.378648742458625787e+00
2.394466727686981322e+00
2.410468458619610121e+00
2.425796101798335602e+00
2.441387118013036428e+00
2.458170524495808529e+00
2.474113467486889650e+00
2.489492990048375098e+00
2.505751354384548879e+00
2.521106254702486726e+00
2.538500747980981576e+00
2.555631140736080553e+00
2.573378543374448935e+00
2.589194498294788094e+00
2.605385670107211116e+00
2.621683392402675228e+00
2.637859312017985403e+00
2.654422258703388771e+00
2.669790368174999706e+00
2.684014724251713169e+00
2.698956314948428137e+00
2.714880481255114386e+00
2.730768889433889957e+00
2.748877372674161546e+00
2.764676709852347702e+00
2.780956173692782141e+00
2.796356598772767210e+00
2.811612579997464945e+00
2.828122078341032353e+00
2.844578358913671945e+00
2.860465194247257426e+00
2.877133421914944922e+00
2.893675735116151504e+00
2.910906815753468990e+00
2.927200191309094368e+00
2.944380333363881164e+00
2.961387261065327348e+00
2.977725954482715931e+00
2.994877247484444283e+00
3.012151361983657072e+00
3.029090092337961782e+00
3.045280634030302025e+00
3.062471179864392212e+00
3.078064489252946068e+00
3.094825152977143556e+00
3.111098518208641028e+00
3.127536634477684263e+00
3.143882574142997655e+00
3.160082220449335288e+00
3.176170875047499731e+00
3.193209927330178388e+00
