0.000000000000000000e+00
3.575602803203697250e-02
5.366470816771761604e-02
6.781591205469533756e-02
7.679646823786985543e-02
8.542718105701087306e-02
9.281482043677086180e-02
1.052715332100830348e-01
1.207013945431523461e-01
1.329033464454217051e-01
1.482582776279169900e-01
1.573885568642956478e-01
1.675199965353595388e-01
1.836833082276259632e-01
1.963928122412987587e-01
2.068157219046668494e-01
2.160588407496072949e-01
2.251111933571631751e-01
2.383210867763235485e-01
2.605485372638755015e-01
2.770761163879918998e-01
2.994893777702132831e-01
3.185855766293019808e-01
3.252550374652560250e-01
3.332291899309316463e-01
3.429051582310934099e-01
3.422671798848497260e-01
3.539043983900784784e-01
3.683539141192022082e-01
3.768994311554434984e-01
3.949833919134272953e-01
4.155504073837885115e-01
4.312352871022894218e-01
4.499973148504917697e-01
4.667737534297006219e-01
4.725087233938026765e-01
4.905380348001606716e-01
5.047031435358045881e-01
5.181271036078758385e-01
5.318154721073694580e-01
5.433188607048734520e-01
5.513762348382824641e-01
5.700686321119523559e-01
5.856351927423317782e-01
6.038364785888254982e-01
6.173734307410613242e-01
6.319081468328200391e-01
6.459330895165029673e-01
6.648999387888321344e-01
6.836192537757683763e-01
7.027631701468312064e-01
7.211775835914187027e-01
7.370082799304996657e-01
7.531662541491342955e-01
7.679160089013298274e-01
7.786613781202442741e-01
7.834093512195955400e-01
7.918394405283375459e-01
8.107832449395707686e-01
8.212210992513067076e-01
8.308104027751369580e-01
8.420784792242874683e-01
8.567534054257250897e-01
8.652908002967288903e-01
8.815216146238521455e-01
8.991369252021919056e-01
9.139387228121447215e-01
9.351404806146349502e-01
9.532177107327096666e-01
9.755171796599171330e-01
9.865719062778154358e-01
9.956697792769373390e-01
1.009126251452460821e+00
1.026851085341857317e+00
1.039342818060070561e+00
1.056152039880077664e+00
1.067872625982025703e+00
1.082906323721324116e+00
1.091191476323424281e+00
1.108910814578388138e+00
1.117862078645848189e+00
1.132813520562286014e+00
1.144732088960352501e+00
1.152482332933580933e+00
1.170873033153055243e+00
1.186132455330136448e+00
1.203598764927276354e+00
1.219485184499336849e+00
1.230242035726767158e+00
1.245839379466240571e+00
1.266148589625052612e+00
1.282891949116304664e+00
1.289990611887860572e+00
1.297898704249742075e+00
1.306490197913852569e+00
1.317953743586213200e+00
1.332068467230892006e+00
1.344087761764521272e+00
1.355314738953432574e+00
1.365714559835237152e+00
1.371551876079858179e+00
1.386284432133153777e+00
1.399896027519810682e+00
1.408312620605683074e+00
1.416101841461601341e+00
1.430938590175345970e+00
1.444316485206752265e+00
1.456227841927681510e+00
1.469866769895337155e+00
1.482736311656762007e+00
1.502096611315029584e+00
1.516328011710431412e+00
1.533679524688007501e+00
1.547052414130243525e+00
1.558638439047325575e+00
1.566371445481928637e+00
1.572661393189980439e+00
1.588307865949664777e+00
1.605990529034787118e+00
1.618082968931650045e+00
1.624300569069081934e+00
1.637608226740723927e+00
1.651415715671215256e+00
1.662569870247238679e+00
1.677515220024255571e+00
1.690211775823704965e+00
1.698728862771392567e+00
1.716408087660627579e+00
1.719761255379118392e+00
1.733460151208906508e+00
1.742408973322766341e+00
1.758440718738286890e+00
1.761864594382012372e+00
1.768782858901703170e+00
1.780774395059976589e+00
1.800167719111282816e+00
1.811771772921559664e+00
1.816045139158666055e+00
1.826675917328102638e+00
1.834801653664221766e+00
1.842448733926776328e+00
1.857344379253106359e+00
1.865224270338837753e+00
1.873409746488462702e+00
1.883070363305886508e+00
1.901460134548728531e+00
1.911240963379389868e+00
1.918818882690143779e+00
1.928352950180516334e+00
1.941114770467188944e+00
1.956361006468893882e+00
1.967426495174825707e+00
1.981818122789070769e+00
2.003689936153504547e+00
2.014347138726358288e+00
2.021605570740872881e+00
2.025469688701637239e+00
2.033821315656605844e+00
2.053090474285804046e+00
2.062504949697627765e+00
2.075649596825432930e+00
2.089327213971436503e+00
2.102243622302419457e+00
2.116095575729419753e+00
2.126874272970912916e+00
2.135174669040632356e+00
2.147194027084822654e+00
2.164014362363923638e+00
2.170430070928402788e+00
2.179755268886638842e+00
2.200324553720220955e+00
2.207445467809222350e+00
2.222981924472003712e+00
2.230245314650193045e+00
2.237526168997592713e+00
2.248541222139417872e+00
2.254071590579261208e+00
2.259822731459959044e+00
2.267686486384280276e+00
2.286463236936155496e+00
2.301063459780170906e+00
2.313077953540730203e+00
2.327878650148624828e+00
2.340862025572374883e+00
2.347971578893454314e+00
2.363583882147767046e+00
2.369516469545795090e+00
2.385664476813318391e+00
2.405627939851744834e+00
2.418211602274098926e+00
2.424804510045964090e+00
2.435923355118999378e+00
2.453406321246157429e+00
2.471101298210514052e+00
2.482112768095499522e+00
2.489177671438095540e+00
2.508741974649094875e+00
2.512189221030753039e+00
2.520831301871774066e+00
2.531442281148456708e+00
2.546013259431328724e+00
