0.000000000000000000e+00
2.434438431426216159e-02
2.788956538134462412e-02
3.985012880893106652e-02
5.128307133752533359e-02
6.098373375686637343e-02
7.024428819813040292e-02
6.208599553371034474e-02
6.483085462447772673e-02
7.283393658941765547e-02
7.011194619696849151e-02
8.531152271380371133e-02
9.363584968743531023e-02
1.025189733443859219e-01
1.082434841133132070e-01
1.117484233957931755e-01
1.131036570409624659e-01
1.183611833570829969e-01
1.142157732123137842e-01
1.173605216182174171e-01
1.205530035272004002e-01
1.220600418827196693e-01
1.213570254274072002e-01
1.225542963741369507e-01
1.278224218820859792e-01
1.300913780816803644e-01
1.236998551112215988e-01
1.274821925801626066e-01
1.398252433527092387e-01
1.445582445007774219e-01
1.535043854951603781e-01
1.458383755156295314e-01
1.586999858262790886e-01
1.655193625088893228e-01
1.788255712563251443e-01
1.834566522675772637e-01
1.834354115129555596e-01
1.863332988233498688e-01
1.950004235406389286e-01
1.872246081928408412e-01
1.894381590611637634e-01
1.811362735962786519e-01
1.791982499777470261e-01
1.879011781508800050e-01
1.786035982102125441e-01
1.730235355692567312e-01
1.760251113432017844e-01
1.821839830624748524e-01
1.778724085173457037e-01
1.834438090368523400e-01
1.788784650954014788e-01
1.805226080781177633e-01
1.855835352869188715e-01
1.936575368059289814e-01
1.915738512556738049e-01
1.981140011690253055e-01
1.987564068347127122e-01
2.001165401953140521e-01
2.144605956569327343e-01
2.205305231823034562e-01
2.355262993940178129e-01
2.454870458413880019e-01
2.575446098322436983e-01
2.671953900353594702e-01
2.714434273684080412e-01
2.823806239304546550e-01
2.851479315146042137e-01
2.780980100094211371e-01
2.830216176410176865e-01
2.874226136172984281e-01
2.994566154521349222e-01
3.072840704251418309e-01
3.054936255944452617e-01
3.056888045011496025e-01
3.063297829806042039e-01
2.988510036291369132e-01
3.020985689301453614e-01
3.048331239662969150e-01
3.069232554139674773e-01
3.073263819351514381e-01
3.091461391661342040e-01
3.144330493624173939e-01
3.232713907453645397e-01
3.284855198658570008e-01
3.250810157848473825e-01
3.301212366633005657e-01
3.310907712448820095e-01
3.319346751999565082e-01
3.336589118734205051e-01
3.399777070424534475e-01
3.529495183267013503e-01
3.538289723946927423e-01
3.730662551720428932e-01
3.830635845400941486e-01
3.847951765089962506e-01
3.983242705398933325e-01
4.000068035532082233e-01
4.119947065869009606e-01
4.118863065360494069e-01
4.278248132559541728e-01
4.240084050762741863e-01
4.299345212623212342e-01
4.333587513846225980e-01
4.474765040313244402e-01
4.596820572482961942e-01
4.555366714171549813e-01
4.713132357913821791e-01
4.840277181880697777e-01
5.013065778941000472e-01
5.108619453501072050e-01
5.299534340451096392e-01
5.445129504403388720e-01
5.492362806095620886e-01
5.662464263779970475e-01
5.772135467970682665e-01
5.823533185410914026e-01
5.870045548318644224e-01
5.944648555048740457e-01
6.000638374799203145e-01
6.098408139828743746e-01
6.182378816954868794e-01
6.158759024396005533e-01
6.325125388349270850e-01
6.453068054111824603e-01
6.524292827541440243e-01
6.630463771395227468e-01
6.795849440778427564e-01
6.910740815872795650e-01
7.010830434592216776e-01
7.160150176882080775e-01
7.252146907424332767e-01
7.336670610025533001e-01
7.408099138669762551e-01
7.401482079465819819e-01
7.474032872183834497e-01
7.558822762972788878e-01
7.537900996318799285e-01
7.604645892280037511e-01
7.585121197691038208e-01
7.630481944631350988e-01
7.721728332106632120e-01
7.706991527832974809e-01
7.775295077660417942e-01
7.879153291172869000e-01
7.830546304165161287e-01
7.878046003830211363e-01
7.930275727136126829e-01
7.954686832720595513e-01
7.969910000832778341e-01
8.003036978722776196e-01
8.056662011108883803e-01
8.098450561046126595e-01
8.130553860932737686e-01
8.170346610639481755e-01
8.061730955900968665e-01
8.111197535866568886e-01
8.151371417284535292e-01
8.150160419827643388e-01
8.186585528811657353e-01
8.192795514587961625e-01
8.094100493637267357e-01
8.161916656985572782e-01
8.173011695248723063e-01
8.216354610091941568e-01
8.255696281620192867e-01
8.320951584063914774e-01
8.421574867012142640e-01
8.518107884727663670e-01
8.552755840143302368e-01
8.623392146653973134e-01
8.619154275184705005e-01
8.639307046090892728e-01
8.618749159253354941e-01
8.728544996486815588e-01
8.800975757304867475e-01
8.828633385271017486e-01
8.840759561756830198e-01
8.781235720029041403e-01
8.757711125458830237e-01
8.774846866365725306e-01
8.779131195511001851e-01
8.860395485954775108e-01
8.763861611292439457e-01
8.846510075686637720e-01
8.869162745397951575e-01
8.872932114891962652e-01
8.879959123461923509e-01
8.928843258902476876e-01
8.995753683481139129e-01
8.965951865707753043e-01
8.929217342012751857e-01
8.992163133925773488e-01
9.071767673937818355e-01
9.095881513036601085e-01
9.150408230055369074e-01
9.194700857524494841e-01
9.221628258241528764e-01
9.195631969130179106e-01
9.242161635437070588e-01
9.259490722616365854e-01
9.311762267844030383e-01
